"species","x","y","layer.1","layer.2","layer.3","layer.4","layer.5","layer.6","layer.7"
"background",1,1,0.000396746677246578,0.572307081928189,0.297560007934934,0.0716127752430073,0.0581233882166237,0,242
"background",2,2,0,0.143225550486015,0.770085300535608,0.0249950406665344,0.00674469351319183,0.0549494147986511,276
"background",3,3,0.000396746677246578,0.00773656020630827,0.990676453084705,0.00119024003173973,0,0,456
"background",4,4,0.0374925609998016,0.131521523507241,0.706804205514779,0.0017853600476096,0,0,565
"background",5,5,0,0.246181313231502,0.71652449910732,0.0359055742908153,0.00138861337036302,0,288
"background",6,6,0.108311842888316,0.0960126958936719,0.643919857171196,0.112874429676651,0.00714144019043841,0.0317397341797262,699
"background",7,7,0.000595120015869867,0.220392779210474,0.325530648680817,0.22197976591946,0.183693711565166,0.0478079746082127,94
"background",8,8,0,0.0628843483435826,0.833763142233684,0.062487601666336,0.0408649077563975,0,409
"background",9,9,0.000793493354493156,0.0682404284864114,0.922436024598294,0.00853005356080143,0,0,536
"background",10,10,0,0.0755802420154731,0.92402301130728,0.000396746677246578,0,0,498
"background",11,11,0,0.00833168022217814,0.850228129339417,0.131521523507241,0.00277722674072605,0.00714144019043841,443
"background",12,12,0,0.0571315215235072,0.548899027970641,0.338226542352708,0.0351120809363222,0.0206308272168221,426
"background",13,13,0,0.0154731204126165,0.488791906367784,0.353501289426701,0.13211664352311,0.0101170402697877,247
"background",14,14,0,0.438405078357469,0.560801428288038,0.000793493354493156,0,0,368
"background",15,15,0.158698670898631,0.22376512596707,0.487204919658798,0.0458242412219798,0.0160682404284864,0.0684388018250347,478
"background",16,16,0,0.0366990676453085,0.0856972822852609,0.0634794683594525,0.814124181709978,0,381
"background",17,17,0,0.00515770680420551,0.070025788534021,0.364610196389605,0.560206308272168,0,361
"background",18,18,0.0162666137671097,0.397143423923825,0.427296171394565,0.0688355485022813,0.0595120015869867,0.0309462408252331,87
"background",19,19,0.000198373338623289,0.309264034913708,0.674866097996429,0.00793493354493156,0.00773656020630827,0,426
"background",20,20,0.00773656020630827,0.568339615155723,0.259273953580639,0.0599087482642333,0.0835151755604047,0.0212259472326919,84
"background",21,21,0.000396746677246578,0.244594326522515,0.43304899821464,0.116048403094624,0.187462804999008,0.0184487204919659,198
"background",22,22,0.00119024003173973,0.530648680817298,0.306685181511605,0.0636778416980758,0.0962110692322952,0.00158698670898631,126
"background",23,23,0.00277722674072605,0.0333267208887126,0.95417575877802,0.00972029359254116,0,0,642
"background",24,24,0,0.0622892283277128,0.904582424122198,0.0305494941479865,0.00257885340210276,0,380
"background",25,25,0.000991866693116445,0.317198968458639,0.268597500495933,0.0414600277722674,0.0416584011108907,0.330093235469153,207
"background",26,26,0.000595120015869867,0.408053957548106,0.46439198571712,0.0491965879785757,0.0724062685975005,0.0053560801428288,369
"background",27,27,0.000198373338623289,0.0136877603650069,0.214838325729022,0.2521325133902,0.458837532235668,0.00813330688355485,431
"background",28,28,0.0261852806982742,0.0559412814917675,0.741916286451101,0.175362031342988,0.000595120015869867,0,611
"background",29,29,0.106328109502083,0.251339020035707,0.487601666336044,0.025391787343781,0.0152747470739933,0.114064669708391,622
"background",30,30,0.0297560007934934,0.0648680817298155,0.77623487403293,0.118627256496727,0.00436421344971236,0.00614957349732196,650
"background",31,31,0,0.25272763340607,0.287839714342392,0.0759769886927197,0.383455663558818,0,199
"background",32,32,0,0.674072604641936,0.216822059115255,0.0442372545129935,0.0648680817298155,0,356
"background",33,33,0.37095814322555,0.404483237452886,0.222376512596707,0.00218210672485618,0,0,831
"background",34,34,0,0.102955762745487,0.587185082324935,0.188454671692125,0.121404483237453,0,310
"background",35,35,0.000793493354493156,0.0704225352112676,0.592342789129141,0.125173576671295,0.183296964887919,0.0279706407458838,198
"background",36,36,0.000595120015869867,0.0394762943860345,0.050783574687562,0.116048403094624,0.411823050981948,0.381273556833962,184
"background",37,37,0.000198373338623289,0.277921047411228,0.67010513786947,0.0497917079944455,0.00198373338623289,0,296
"background",38,38,0,0.0091251735766713,0.253124380083317,0.518547907161278,0.219202539178734,0,349
"background",39,39,0,0.417774251140647,0.425907558024202,0.0896647490577266,0.0666534417774251,0,318
"background",40,40,0,0.00138861337036302,0.26780400714144,0.486808172981551,0.242213846459036,0,356
"background",41,41,0,0.0642729617139456,0.895258877206903,0.040468161079151,0,0,508
"background",42,42,0.0287641341003769,0.441579051775441,0.375719103352509,0.0587185082324936,0.0874826423328705,0.00773656020630827,264
"background",43,43,0.00218210672485618,0.355485022812934,0.549890894663757,0.0533624280896648,0.0386828010315414,0.000396746677246578,187
"background",44,44,0.00119024003173973,0.100178536004761,0.792898234477286,0.0979964292799048,0.00277722674072605,0.00495933346558223,664
"background",45,45,0,0.0414600277722674,0.288434834358262,0.644713350525689,0.0154731204126165,0.00991866693116445,392
"background",46,46,0,0.0412616544336441,0.403094624082523,0.113469549692521,0.439992065066455,0.00218210672485618,335
"background",47,47,0.000595120015869867,0.0396746677246578,0.942273358460623,0.0174568537988494,0,0,491
"background",48,48,0,0.285062487601666,0.605237056139655,0.109105336242809,0.000595120015869867,0,369
"background",49,49,0.00396746677246578,0.076175362031343,0.918468557825828,0.00138861337036302,0,0,474
"background",50,50,0.00952192025391787,0.333068835548502,0.652251537393374,0.00495933346558223,0.000198373338623289,0,620
"background",51,51,0.165046617734576,0.25570323348542,0.25332275342194,0.0236064272961714,0.0166633604443563,0.285657607617536,475
"background",52,52,0.0353104542749454,0.286451100972029,0.56635588176949,0.0866891489783773,0.0243999206506646,0.000793493354493156,627
"background",53,53,0,0.140646697083912,0.280896647490577,0.243404086490776,0.32929974211466,0.00575282682007538,281
"background",54,54,0,0.01507637373537,0.883554850228129,0.100376909343384,0.000991866693116445,0,374
"background",55,55,0.000396746677246578,0.041856774449514,0.588375322356675,0.289625074390002,0.00436421344971236,0.0753818686768498,405
"background",56,56,0.000595120015869867,0.327911128744297,0.482245586193216,0.0737948819678635,0.115453283078754,0,354
"background",57,57,0.000991866693116445,0.35826224955366,0.526482840706209,0.0527673080737949,0.0607022416187264,0.000793493354493156,336
"background",58,58,0.000595120015869867,0.112874429676651,0.310652648284071,0.189843285062488,0.250743900019837,0.135290616941083,224
"background",59,59,0,0.210077365602063,0.156913310851022,0.288831581035509,0.344177742511406,0,262
"background",60,60,0,0.0519738147193017,0.632810950208292,0.275540567347748,0.00337234675659591,0.0363023209680619,417
"background",61,61,0,0.222773259273954,0.696290418567745,0.078952588772069,0.00138861337036302,0.000595120015869867,355
"background",62,62,0,0.0372941876611783,0.740329299742115,0.218409045824241,0.00119024003173973,0.00277722674072605,380
"background",63,63,0.000991866693116445,0.0222178139258084,0.976790319381075,0,0,0,489
"background",64,64,0.000793493354493156,0.260464193612378,0.43423923824638,0.129736163459631,0.0902598690735965,0.0845070422535211,215
"background",65,65,0.0620908549890895,0.0690339218409046,0.816107915096211,0.0519738147193017,0,0.000793493354493156,489
"background",66,66,0.00674469351319183,0.493552866494743,0.321959928585598,0.0908549890894664,0.0680420551477881,0.0188454671692125,127
"background",67,67,0.000396746677246578,0.32810950208292,0.510017853600476,0.0710176552271375,0.078952588772069,0.0115056536401508,191
"background",68,68,0.0489982146399524,0.155326324142035,0.50783574687562,0.196984725252926,0.0224161872644317,0.0684388018250347,693
"background",69,69,0,0.0497917079944455,0.938702638365404,0.0113072803015275,0.000198373338623289,0,529
"background",70,70,0,0.0210275738940686,0.952192025391787,0.0265820273755207,0,0.000198373338623289,300
"background",71,71,0.00753818686768498,0.0363023209680619,0.742114659789724,0.0121007736560206,0.00714144019043841,0.19480261852807,491
"background",72,72,0,0.0287641341003769,0.803610394762944,0.157706804205515,0.00991866693116445,0,377
"background",73,73,0,0.00436421344971236,0.424915691331085,0.563975401706011,0.00634794683594525,0.000396746677246578,508
"background",74,74,0.0989882959730212,0.137274350327316,0.735766712953779,0.0275738940686372,0.000396746677246578,0,808
"background",75,75,0.1362824836342,0.191430271771474,0.622693909938504,0.00892680023804801,0.000991866693116445,0,695
"background",76,76,0,0.0543542947827812,0.743304899821464,0.196389605237056,0.00416584011108907,0.0017853600476096,414
"background",77,77,0,0.0232096806189248,0.488990279706407,0.316603848442769,0.142035310454275,0.0291608807776235,395
"background",78,78,0,0.00753818686768498,0.992065066455068,0.000396746677246578,0,0,412
"background",79,79,0.0176552271374727,0.092640349137076,0.787542154334457,0.101765522713747,0.000396746677246578,0,604
"background",80,80,0.000793493354493156,0.50902598690736,0.408649077563975,0.0815314421741718,0,0,308
"background",81,81,0,0.153937710771672,0.280301527474707,0.348343582622496,0.216425312438008,0.000991866693116445,283
"background",82,82,0,0.0111089069629042,0.123189843285062,0.154929577464789,0.710771672287245,0,419
"background",83,83,0.0365006943066852,0.0555445348145209,0.821265621900417,0.0866891489783773,0,0,383
"background",84,84,0.000396746677246578,0.0882761356873636,0.705812338821662,0.169609204522912,0.0218210672485618,0.0140845070422535,262
"background",85,85,0,0.225748859353303,0.651656417377504,0.0664550684388018,0.0559412814917675,0.000198373338623289,315
"background",86,86,0.229121206109899,0.205118032136481,0.144614163856378,0.0295576274548701,0.0230113072803015,0.368577663162071,646
"background",87,87,0,0.0835151755604047,0.683991271573101,0.177544138067844,0.0436421344971236,0.0113072803015275,311
"background",88,88,0.000198373338623289,0.0160682404284864,0.753421940091252,0.180519738147193,0.0468161079150962,0.00297560007934934,338
"background",89,89,0.000396746677246578,0.0858956556238842,0.789129141043444,0.0616941083118429,0.041856774449514,0.0210275738940686,353
"background",90,90,0,0.0390795477087879,0.960722078952589,0.000198373338623289,0,0,448
"background",91,91,0,0.121801229914699,0.632215830192422,0.204324538781988,0.0414600277722674,0.000198373338623289,359
"background",92,92,0.0833168022217814,0.245387819877009,0.575877802023408,0.0434437611585003,0.00416584011108907,0.0478079746082127,532
"background",93,93,0.000793493354493156,0.382463796865701,0.143423923824638,0.0843086689148978,0.13449712358659,0.25451299345368,102
"background",94,94,0.0361039476294386,0.17913112477683,0.47887323943662,0.247371553263241,0.0585201348938703,0,527
"background",95,95,0.000396746677246578,0.0650664550684388,0.551676254711367,0.138662963697679,0.243999206506645,0.000198373338623289,398
"background",96,96,0,0.237452886332077,0.704622098789923,0.056933148184884,0.000991866693116445,0,334
"background",97,97,0.0170601071216029,0.293394167823844,0.678635191430272,0.00991866693116445,0,0.000991866693116445,608
"background",98,98,0,0.0436421344971236,0.934933544931561,0.0214243205713152,0,0,390
"background",99,99,0.0533624280896648,0.13271176353898,0.661376710970046,0.127355683396152,0.00634794683594525,0.0188454671692125,649
"background",100,100,0.00773656020630827,0.635191430271771,0.268597500495933,0.0394762943860345,0.031541360841103,0.0174568537988494,106
"background",101,101,0.0664550684388018,0.161277524300734,0.557825828208689,0.160484030946241,0.0214243205713152,0.0325332275342194,662
"background",102,102,0.00853005356080143,0.576274548700655,0.260067446935132,0.0511803213648086,0.0900614957349732,0.0138861337036302,153
"background",103,103,0,0.00476096012695894,0.876413410037691,0.117833763142234,0.000991866693116445,0,350
"background",104,104,0.00297560007934934,0.328307875421543,0.443364411823051,0.0591152549097401,0.160285657607618,0.00595120015869867,140
"background",105,105,0.144217417179131,0.230311446141639,0.254909740130926,0.0591152549097401,0.0279706407458838,0.142035310454275,751
"background",106,106,0,0.0160682404284864,0.400714144019044,0.174370164649871,0.381273556833962,0.0275738940686372,351
"background",107,107,0,0.00595120015869867,0.447331878595517,0.197778218607419,0.342392382463797,0.00654632017456854,361
"background",108,108,0.000793493354493156,0.0513786947034319,0.175362031342988,0.219004165840111,0.392184090458242,0.161277524300734,291
"background",109,109,0,0.489585399722277,0.510414600277723,0,0,0,402
"background",110,110,0.00257885340210276,0.373536996627653,0.489982146399524,0.111485816306288,0.0214243205713152,0.000991866693116445,145
"background",111,111,0,0.0353104542749454,0.767704820472129,0.196984725252926,0,0,411
"background",112,112,0,0.0220194405871851,0.89446538385241,0.0835151755604047,0,0,610
"background",113,113,0.00119024003173973,0.214044832374529,0.226740726046419,0.142233683792898,0.396548303907955,0.019242213846459,149
"background",114,114,0.000198373338623289,0.14719301725848,0.489783773060901,0.154136084110296,0.204522912120611,0.00416584011108907,401
"background",115,115,0.000396746677246578,0.592937909145011,0.266812140448324,0.0434437611585003,0.0238048006347947,0.0726046419361238,63
"background",116,116,0.000198373338623289,0.00793493354493156,0.960126958936719,0.000991866693116445,0,0,455
"background",117,117,0.0265820273755207,0.0783574687561992,0.614560603054949,0.182701844872049,0.00833168022217814,0.000396746677246578,537
"background",118,118,0.000595120015869867,0.494743106526483,0.383654036897441,0.0422535211267606,0.0733981352906169,0.0053560801428288,341
"background",119,119,0,0.0527673080737949,0.483039079547709,0.216425312438008,0.247768299940488,0,423
"background",120,120,0.0618924816504662,0.143225550486015,0.599484229319579,0.155921444157905,0.00853005356080143,0.0309462408252331,720
"background",121,121,0,0.00952192025391787,0.845467169212458,0.130926403491371,0.00376909343384249,0.010315413608411,382
"background",122,122,0.0868875223170006,0.199960325332275,0.688950605038683,0.0200357072009522,0.00416584011108907,0,781
"background",123,123,0,0.138266217020432,0.790914501091053,0.0553461614758976,0.0154731204126165,0,198
"background",124,124,0.0208292005554453,0.0767704820472129,0.658401110890696,0.218805792501488,0.0247966673279111,0.000396746677246578,438
"background",125,125,0,0.488791906367784,0.417179131124777,0.0462209878992263,0.0478079746082127,0,214
"background",126,126,0.163658004364213,0.320968061892482,0.456655425510811,0.0587185082324936,0,0,665
"background",127,127,0,0.0124975203332672,0.893076770482047,0.0898631223963499,0.00119024003173973,0.00337234675659591,427
"background",128,128,0,0.445546518547907,0.47708787938901,0.0712160285657608,0.00595120015869867,0.000198373338623289,281
"background",129,129,0,0.0368974409839318,0.0946240825233089,0.218805792501488,0.649672683991272,0,349
"background",130,130,0,0.00991866693116445,0.47827811942075,0.511803213648086,0,0,502
"background",131,131,0.0299543741321166,0.308073794881968,0.50724062685975,0.144812537195001,0.00912517357667129,0.000793493354493156,314
"background",132,132,0.000396746677246578,0.0222178139258084,0.949216425312438,0.0279706407458838,0,0.000198373338623289,344
"background",133,133,0.0609006149573497,0.13449712358659,0.79250148780004,0.010315413608411,0.0017853600476096,0,461
"background",134,134,0,0.00337234675659591,0.590359055742908,0.403888117437016,0.0017853600476096,0.000595120015869867,460
"background",135,135,0.0438405078357469,0.285657607617536,0.479865106129736,0.0609006149573497,0.0160682404284864,0.113667923031145,472
"background",136,136,0.195000991866693,0.137075976988693,0.632810950208292,0.0325332275342194,0.00138861337036302,0.00119024003173973,499
"background",137,137,0.000793493354493156,0.061098988295973,0.158698670898631,0.130132910136878,0.325729022019441,0.323546915294584,209
"background",138,138,0.00515770680420552,0.118428883158104,0.830192422138465,0.0462209878992263,0,0,642
"background",139,139,0.031541360841103,0.0434437611585003,0.896449117238643,0.028169014084507,0.000396746677246578,0,586
"background",140,140,0.000396746677246578,0.457647292203928,0.346954969252133,0.0749851219996032,0.12001586986709,0,187
"background",141,141,0,0.189248165046618,0.683396151557231,0.0289625074390002,0.0180519738147193,0.0803412021424321,386
"background",142,142,0.0035707200952192,0.142630430470145,0.760166633604444,0.0519738147193017,0.0247966673279111,0.0168617337829796,447
"background",143,143,0,0.0708192818885142,0.91013687760365,0.0154731204126165,0.00158698670898631,0.00198373338623289,534
"background",144,144,0,0.00555445348145209,0.408649077563975,0.585796468954572,0,0,466
"background",145,145,0.0134893870263837,0.345169609204523,0.323150168617338,0.106328109502083,0.182701844872049,0.0291608807776235,111
"background",146,146,0.00555445348145209,0.471335052568935,0.339020035707201,0.0979964292799048,0.0860940289625074,0,258
"background",147,147,0.000991866693116445,0.0311446141638564,0.90954175758778,0.058321761555247,0,0,450
"background",148,148,0,0.0148780003967467,0.0868875223170006,0.130331283475501,0.767903193810752,0,419
"background",149,149,0,0.0160682404284864,0.202340805395755,0.182900218210672,0.598690735965086,0,407
"background",150,150,0.000198373338623289,0.335052568934735,0.433842491569133,0.196389605237056,0.0319381075183495,0.00257885340210276,135
"background",151,151,0.00297560007934934,0.558024201547312,0.314421741717913,0.0880777623487403,0.0190438405078357,0.0174568537988494,120
"background",152,152,0,0.106526482840706,0.375917476691133,0.355485022812934,0.156516564173775,0.00555445348145209,351
"background",153,153,0.294386034516961,0.0726046419361238,0.494941479865106,0.0122991469946439,0.00773656020630827,0.118032136480857,539
"background",154,154,0.0091251735766713,0.0916484824439595,0.801428288038088,0.0811346954969252,0.00595120015869867,0.0107121602856576,577
"background",155,155,0.0872842689942472,0.0650664550684388,0.824241221979766,0.00634794683594525,0.00436421344971236,0.0126958936718905,520
"background",156,156,0,0.631422336837929,0.324142035310454,0.0311446141638564,0.0132910136877604,0,320
"background",157,157,0.00396746677246578,0.0793493354493156,0.893076770482047,0.0232096806189248,0.000396746677246578,0,743
"background",158,158,0,0.359849236262646,0.626463003372347,0.0136877603650069,0,0,425
"background",159,159,0,0.0053560801428288,0.359650862924023,0.169212457845666,0.465780599087483,0,397
"background",160,160,0,0.302122594723269,0.627653243404086,0.0676453084705416,0.00257885340210276,0,235
"background",161,161,0.29855187462805,0.335647688950605,0.30033723467566,0.0652648284070621,0.000198373338623289,0,989
"background",162,162,0,0.00694306685181512,0.617337829795675,0.305891688157112,0.0698274151953977,0,377
"background",163,163,0.000793493354493156,0.23884149970244,0.252529260067447,0.0591152549097401,0.0345169609204523,0.23943661971831,201
"background",164,164,0.000793493354493156,0.687165244991073,0.219202539178734,0.0472128545923428,0.0456258678833565,0,173
"background",165,165,0,0.00337234675659591,0.105931362824836,0.512001586986709,0.369172783177941,0.00952192025391787,410
"background",166,166,0.00515770680420552,0.0674469351319183,0.897044237254513,0.0299543741321166,0.000396746677246578,0,659
"background",167,167,0.000198373338623289,0.627058123388217,0.299543741321166,0.0428486411426304,0.0303511208093632,0,181
"background",168,168,0.00138861337036302,0.309264034913708,0.559214441579052,0.117833763142234,0.0121007736560206,0.000198373338623289,168
"background",169,169,0.00634794683594525,0.0117040269787741,0.898432850624876,0.0531640547510415,0.00833168022217814,0.0220194405871851,507
"background",170,170,0,0.0424518944653839,0.938305891688157,0.019242213846459,0,0,580
"background",171,171,0,0.0202340805395755,0.455465185479072,0.524300733981353,0,0,497
"background",172,172,0,0.050783574687562,0.938702638365404,0.0105137869470343,0,0,449
"background",173,173,0,0.00337234675659591,0.430073398135291,0.232890299543741,0.333663955564372,0,367
"background",174,174,0,0.117040269787741,0.771870660583218,0.0757786153540964,0.00238048006347947,0.032929974211466,348
"background",175,175,0,0.0593136282483634,0.912120610989883,0.026780400714144,0.000198373338623289,0.00158698670898631,478
"background",176,176,0.000198373338623289,0.0716127752430073,0.47589763935727,0.204522912120611,0.243602459829399,0.00416584011108907,455
"background",177,177,0.00198373338623289,0.370759769886927,0.437413211664352,0.0741916286451101,0.115651656417377,0,280
"background",178,178,0.00198373338623289,0.0622892283277128,0.670303511208094,0.170997817893275,0.00218210672485618,0.0922436024598294,352
"background",179,179,0,0.198968458639159,0.228327712755406,0.316405475104146,0.255901606824043,0.000396746677246578,272
"background",180,180,0,0.0394762943860345,0.912318984328506,0.0480063479468359,0.000198373338623289,0,368
"background",181,181,0.00138861337036302,0.318190835151756,0.556040468161079,0.108906962904186,0.0154731204126165,0,157
"background",182,182,0.570918468557826,0.303511208093632,0.116841896449117,0.000595120015869867,0,0.00813330688355485,847
"background",183,183,0,0.234278912914104,0.700059512001587,0.0646697083911922,0.000991866693116445,0,353
"background",184,184,0.000991866693116445,0.243999206506645,0.251140646697084,0.191231898432851,0.202737552073001,0.109898829597302,134
"background",185,185,0,0.173576671295378,0.550486014679627,0.171196191231898,0.0731997619519937,0.031541360841103,233
"background",186,186,0,0.000396746677246578,0.624082523308867,0.375520730013886,0,0,472
"background",187,187,0.0579250148780004,0.19539773854394,0.713350525689347,0.0331283475500893,0.000198373338623289,0,533
"background",188,188,0,0.0474112279309661,0.742114659789724,0.199960325332275,0.00733981352906169,0.00317397341797262,361
"background",189,189,0,0.245586193215632,0.733187859551676,0.0208292005554453,0,0.000396746677246578,264
"background",190,190,0.000396746677246578,0.199166831977782,0.478674866097996,0.134100376909343,0.185082324935529,0.00257885340210276,461
"background",191,191,0.000396746677246578,0.206109898829597,0.159492164253124,0.109700456258679,0.522713747272367,0.00158698670898631,273
"background",192,192,0.000198373338623289,0.0896647490577266,0.299940487998413,0.190041658401111,0.332672088871256,0.0874826423328705,351
"background",193,193,0,0.124380083316802,0.315611981749653,0.352311049394961,0.206705018845467,0.000991866693116445,271
"background",194,194,0.0287641341003769,0.198373338623289,0.768101567149375,0.00476096012695894,0,0,621
"background",195,195,0,0.302717714739139,0.380678436818092,0.149970243999206,0.166633604443563,0,304
"background",196,196,0,0.0121007736560206,0.355485022812934,0.217417179131125,0.414997024399921,0,429
"background",197,197,0,0.112477682999405,0.683197778218607,0.160682404284864,0.0170601071216029,0.0265820273755207,388
"background",198,198,0.00912517357667129,0.210672485617933,0.315810355088276,0.170005951200159,0.280698274151954,0.0136877603650069,160
"background",199,199,0.0394762943860345,0.278317794088475,0.676453084705416,0.00575282682007538,0,0,625
"background",200,200,0,0.0755802420154731,0.81908351517556,0.0831184288831581,0.0188454671692125,0.00337234675659591,416
"background",201,201,0.0454274945447332,0.332275342194009,0.417774251140647,0.123388216623686,0.0283673874231303,0.0527673080737949,441
"background",202,202,0.0224161872644317,0.091251735766713,0.759571513588574,0.0906566157508431,0.00515770680420551,0.0309462408252331,482
"background",203,203,0.0509819480261853,0.25451299345368,0.677643324737155,0.0168617337829796,0,0,628
"background",204,204,0.00198373338623289,0.377901210077366,0.450109105336243,0.0660583217615553,0.103947629438603,0,391
"background",205,205,0.161277524300734,0.217417179131125,0.59531838920849,0.0259869073596509,0,0,761
"background",206,206,0.0731997619519937,0.323348541955961,0.533029160880778,0.0680420551477881,0.00238048006347947,0,968
"background",207,207,0,0.00495933346558223,0.724856179329498,0.267605633802817,0.000595120015869867,0.00198373338623289,348
"background",208,208,0.000198373338623289,0.350327316008728,0.178139258083714,0.0718111485816306,0.399523903987304,0,213
"background",209,209,0,0.169410831184289,0.428089664749058,0.239238246379687,0.153342590755802,0.00991866693116445,166
"background",210,210,0.000396746677246578,0.368180916484824,0.47708787938901,0.10434437611585,0.0458242412219798,0.00416584011108907,153
"background",211,211,0.34437611585003,0.368974409839318,0.234477286252728,0.00932354691529458,0.00575282682007538,0.037095814322555,506
"background",212,212,0,0.0247966673279111,0.207300138861337,0.133108510216227,0.594921642531244,0.0398730410632811,332
"background",213,213,0.00138861337036302,0.308867288236461,0.3304899821464,0.0882761356873636,0.268795873834557,0.00218210672485618,214
"background",214,214,0,0.0190438405078357,0.977782186074192,0.00317397341797262,0,0,400
"background",215,215,0,0.35707200952192,0.394167823844475,0.0361039476294386,0.212656219004166,0,210
"background",216,216,0,0.00257885340210276,0.0710176552271375,0.446141638563777,0.480261852806983,0,394
"background",217,217,0,0.000793493354493156,0.172783177940885,0.335052568934735,0.366990676453085,0,332
"background",218,218,0,0.00218210672485618,0.591350922436025,0.205118032136481,0.201348938702638,0,492
"background",219,219,0,0.110692322951795,0.690140845070423,0.104741122793097,0.092640349137076,0.0017853600476096,421
"background",220,220,0,0.123189843285062,0.816107915096211,0.0599087482642333,0.000793493354493156,0,412
"background",221,221,0.000991866693116445,0.481055346161476,0.356675262844674,0.0376909343384249,0.123586589962309,0,452
"background",222,222,0.000991866693116445,0.129934536798254,0.724856179329498,0.0497917079944455,0.0944257091846856,0,388
"background",223,223,0.0035707200952192,0.470739932553065,0.337829795675461,0.111684189644912,0.0299543741321166,0.0462209878992263,57
"background",224,224,0,0.0827216822059115,0.516167427097798,0.105336242808966,0.295774647887324,0,468
"background",225,225,0.0113072803015275,0.362229716326126,0.441777425114065,0.0977980559412815,0.0868875223170006,0,129
"background",226,226,0.00119024003173973,0.459829398928784,0.283078754215433,0.0977980559412815,0.153342590755802,0.00476096012695894,118
"background",227,227,0,0.053560801428288,0.888315810355088,0.0301527474707399,0.00337234675659591,0.0245982939892878,415
"background",228,228,0.00456258678833565,0.067248561793295,0.797659194604245,0.116643523110494,0.00991866693116445,0.00396746677246578,508
"background",229,229,0,0.332672088871256,0.610593136282484,0.0543542947827812,0.00238048006347947,0,330
"background",230,230,0.0162666137671097,0.0807379488196786,0.807181114858163,0.095417575877802,0.000396746677246578,0,581
"background",231,231,0,0.00853005356080143,0.157508430866891,0.366792303114461,0.457647292203928,0.00952192025391787,366
"background",232,232,0,0.119024003173973,0.226542352707796,0.177147391390597,0.47708787938901,0.000198373338623289,250
"background",233,233,0.000396746677246578,0.259075580242015,0.181114858163063,0.188256298353501,0.365800436421345,0.0053560801428288,206
"background",234,234,0,0.456457052172188,0.531442174171791,0.0119024003173973,0.000198373338623289,0,475
"background",235,235,0,0,0.304106328109502,0.474310652648284,0.221583019242214,0,622
"background",236,236,0.000198373338623289,0.163856377702837,0.138266217020432,0.103352509422734,0.219797659194604,0.37452886332077,224
"background",237,237,0.000198373338623289,0.0614957349732196,0.859353302916088,0.0168617337829796,0.0620908549890895,0,372
"background",238,238,0.0680420551477881,0.200357072009522,0.705018845467169,0.0212259472326919,0.0053560801428288,0,816
"background",239,239,0.00972029359254116,0.14957349732196,0.623289029954374,0.0384844276929181,0.0136877603650069,0.1652449910732,371
"background",240,240,0.0017853600476096,0.264630033723468,0.256893473517159,0.17853600476096,0.194604245189447,0.103550882761357,148
"background",241,241,0.00297560007934934,0.552866494743107,0.291013687760365,0.0402697877405277,0.10553461614759,0.00733981352906169,182
"background",242,242,0,0.0831184288831581,0.623090656615751,0.249950406665344,0.0438405078357469,0,326
"background",243,243,0.00138861337036302,0.10255901606824,0.865899623090657,0.026780400714144,0.000595120015869867,0.00277722674072605,586
"background",244,244,0,0.0188454671692125,0.723269192620512,0.257290220194406,0.000595120015869867,0,408
"background",245,245,0,0.0442372545129934,0.414203531045428,0.370363023209681,0.171196191231898,0,370
"background",246,246,0,0.049394961317199,0.854989089466376,0.0934338424915691,0.00218210672485618,0,359
"background",247,247,0,0.0243999206506646,0.230906566157508,0.118032136480857,0.441579051775441,0.185082324935529,270
"background",248,248,0.0428486411426304,0.0781590954175759,0.797857567942868,0.0811346954969252,0,0,564
"background",249,249,0.26780400714144,0.122793096607816,0.418369371156517,0.0144812537195001,0.00793493354493156,0.168617337829796,568
"background",250,250,0.0017853600476096,0.453283078754215,0.491172386431264,0.0130926403491371,0.0406665344177742,0,463
"background",251,251,0.0245982939892878,0.070025788534021,0.766911327117635,0.117040269787741,0.00476096012695894,0.0166633604443563,640
"background",252,252,0,0.0182503471533426,0.616544336441182,0.176552271374727,0.188653045030748,0,483
"background",253,253,0.05971037492561,0.287641341003769,0.638960523705614,0.0119024003173973,0.0017853600476096,0,802
"background",254,254,0.00555445348145209,0.0378893076770482,0.763737353699663,0.160880777623487,0.00694306685181512,0.0249950406665344,640
"background",255,255,0.0460226145606031,0.146002777226741,0.433247371553263,0.291212061098988,0.0591152549097401,0.0243999206506646,675
"background",256,256,0,0.0101170402697877,0.803610394762944,0.146597897242611,0.0396746677246578,0,339
"background",257,257,0.0593136282483634,0.0854989089466376,0.660583217615552,0.19242213846459,0.00218210672485618,0,728
"background",258,258,0.000198373338623289,0.142035310454275,0.152549097401309,0.145010910533624,0.301527474707399,0.258678833564769,372
"background",259,259,0.00218210672485618,0.487800039674668,0.352509422733585,0.107121602856576,0.0170601071216029,0.0333267208887126,80
"background",260,260,0,0.217615552469748,0.76175362031343,0.0190438405078357,0.00158698670898631,0,379
"background",261,261,0.473120412616544,0.365998809759968,0.154731204126165,0.000793493354493156,0,0.0053560801428288,836
"background",262,262,0,0.144217417179131,0.72981551279508,0.0783574687561992,0.0476096012695894,0,352
"background",263,263,0.000198373338623289,0.319381075183495,0.542154334457449,0.0438405078357469,0.0944257091846856,0,264
"background",264,264,0,0.29736163459631,0.240230113072803,0.108708589565562,0.318190835151756,0.0355088276135687,303
"background",265,265,0,0.0351120809363222,0.905574290815314,0.0593136282483634,0,0,495
"background",266,266,0,0.386828010315414,0.542551081134696,0.0428486411426304,0.0263836540368974,0.00138861337036302,383
"background",267,267,0.0144812537195001,0.448918865304503,0.300932354691529,0.0728030152747471,0.136877603650069,0.0259869073596509,70
"background",268,268,0.00119024003173973,0.299345367982543,0.283673874231303,0.0779607220789526,0.0470144812537195,0.290815314421742,177
"background",269,269,0,0.245784566554255,0.363221583019242,0.155326324142035,0.235667526284467,0,358
"background",270,270,0.0101170402697877,0.336441182305098,0.644713350525689,0.00872842689942472,0,0,490
"background",271,271,0,0.452489585399722,0.212854592342789,0.122197976591946,0.212259472326919,0.000198373338623289,262
"background",272,272,0.0222178139258084,0.205118032136481,0.74667724657806,0.0111089069629042,0.00456258678833565,0.010315413608411,648
"background",273,273,0,0.367585796468955,0.199365205316405,0.14897837730609,0.28407062090855,0,334
"background",274,274,0.000595120015869867,0.32632414203531,0.43066851815116,0.0831184288831581,0.133108510216227,0.0261852806982742,146
"background",275,275,0,0.0124975203332672,0.542947827811942,0.437413211664352,0.00674469351319183,0.000396746677246578,410
"background",276,276,0.0148780003967467,0.0511803213648086,0.823447728625273,0.0946240825233089,0.00733981352906169,0.00853005356080143,450
"background",277,277,0,0.0053560801428288,0.10493949613172,0.32691926205118,0.523903987304106,0.0388811743701647,395
"background",278,278,0,0.0255901606824043,0.953977385439397,0.0204324538781988,0,0,505
"background",279,279,0.00198373338623289,0.416385637770284,0.303312834755009,0.0914501091053362,0.16464987105733,0.0222178139258084,91
"background",280,280,0.0743900019837334,0.334655822257489,0.43245387819877,0.155524697480659,0.00297560007934934,0,836
"background",281,281,0.000793493354493156,0.357865502876413,0.15135885736957,0.108113469549693,0.334259075580242,0.0476096012695894,257
"background",282,282,0.000595120015869867,0.0896647490577266,0.11882562983535,0.19301725848046,0.597897242610593,0,311
"background",283,283,0.000396746677246578,0.619123189843285,0.258877206903392,0.0577266415393771,0.0575282682007538,0.00634794683594525,167
"background",284,284,0,0.00793493354493156,0.173576671295378,0.634596310255902,0.170402697877405,0.0134893870263837,426
"background",285,285,0,0.0271771473913906,0.667526284467368,0.191628645110097,0.0107121602856576,0.102955762745487,382
"background",286,286,0.00853005356080143,0.426899424717318,0.283872247569927,0.0985915492957747,0.175957151358857,0.00614957349732196,171
"background",287,287,0.0146796270581234,0.451497718706606,0.276532434040865,0.10315413608411,0.122991469946439,0.0311446141638564,55
"background",288,288,0.000793493354493156,0.160484030946241,0.462209878992263,0.25451299345368,0.094028962507439,0.0279706407458838,129
"background",289,289,0,0.0115056536401508,0.38960523705614,0.586589962309066,0.0109105336242809,0.00138861337036302,408
"background",290,290,0,0.0202340805395755,0.965284665740924,0.0142828803808768,0.000198373338623289,0,481
"background",291,291,0,0.0368974409839318,0.944257091846856,0.0188454671692125,0,0,470
"background",292,292,0,0.00853005356080143,0.214639952390399,0.518151160484031,0.258678833564769,0,364
"background",293,293,0,0.101963896052371,0.610791509621107,0.213648085697282,0.0735965086292402,0,316
"background",294,294,0.0119024003173973,0.415988891093037,0.435429478278119,0.0587185082324936,0.0757786153540964,0.00218210672485618,139
"background",295,295,0.00714144019043841,0.0234080539575481,0.967268399127157,0.00218210672485618,0,0,474
"background",296,296,0.000595120015869867,0.0920452291212061,0.235072406268598,0.31243800833168,0.296964887919064,0.0628843483435826,310
"background",297,297,0.000595120015869867,0.256099980162666,0.144415790517754,0.0238048006347947,0.0126958936718905,0.313826621702043,156
"background",298,298,0,0.0825233088672882,0.914897837730609,0.00257885340210276,0,0,403
"background",299,299,0.058321761555247,0.068637175163658,0.856972822852609,0.00753818686768498,0.00238048006347947,0.00614957349732196,631
"background",300,300,0,0.0230113072803015,0.428684784764928,0.543741321166435,0.00297560007934934,0.00158698670898631,497
"background",301,301,0.00277722674072605,0.372346756595913,0.531838920849038,0.0811346954969252,0.0109105336242809,0.000991866693116445,145
"background",302,302,0.183693711565166,0.261257686966872,0.481650466177346,0.0374925609998016,0.00416584011108907,0.0317397341797262,811
"background",303,303,0.000198373338623289,0.119222376512597,0.738147193017259,0.0509819480261853,0.0914501091053362,0,320
"background",304,304,0,0.211664352311049,0.489585399722277,0.10255901606824,0.196191231898433,0,336
"background",305,305,0,0.514580440388812,0.299940487998413,0.0428486411426304,0.141440190438405,0.00119024003173973,311
"background",306,306,0,0.274350327316009,0.360245982939893,0.124380083316802,0.241023606427296,0,259
"background",307,307,0,0.234477286252728,0.576869668716524,0.149771870660583,0.0247966673279111,0.0140845070422535,166
"background",308,308,0.00138861337036302,0.512199960325332,0.326522515373934,0.0168617337829796,0.00853005356080143,0,170
"background",309,309,0,0.169609204522912,0.63995239039873,0.0874826423328705,0.102955762745487,0,353
"background",310,310,0.0341202142432057,0.451497718706606,0.359849236262646,0.0618924816504662,0.0849037889307677,0.00773656020630827,178
"background",311,311,0.000396746677246578,0.223368379289823,0.641539377107717,0.130132910136878,0.00456258678833565,0,312
"background",312,312,0,0.00277722674072605,0.0497917079944455,0.290418567744495,0.657012497520333,0,464
"background",313,313,0.000198373338623289,0.0692322951795279,0.831977782186074,0.0243999206506646,0.0741916286451101,0,372
"background",314,314,0,0.235865899623091,0.613965483039079,0.0333267208887126,0.116841896449117,0,321
"background",315,315,0,0.00119024003173973,0.661178337631422,0.133703630232097,0.177742511406467,0.0261852806982742,371
"background",316,316,0.000991866693116445,0.615552469748066,0.333663955564372,0.0363023209680619,0.0134893870263837,0,183
"background",317,317,0,0.00833168022217814,0.883554850228129,0.103550882761357,0.00119024003173973,0.00337234675659591,468
"background",318,318,0,0.244991073199762,0.547312041261654,0.091251735766713,0.116445149771871,0,308
"background",319,319,0.00436421344971236,0.0587185082324936,0.936718904979171,0.000198373338623289,0,0,504
"background",320,320,0.00654632017456854,0.514778813727435,0.341797262447927,0.0563380281690141,0.0733981352906169,0.00714144019043841,162
"background",321,321,0,0.269986113866296,0.692918071811149,0.0303511208093632,0.00555445348145209,0.00119024003173973,380
"background",322,322,0.0462209878992263,0.058321761555247,0.87938901011704,0.00753818686768498,0.00238048006347947,0.00614957349732196,640
"background",323,323,0.0382860543542948,0.273358460622892,0.682602658202738,0.00575282682007538,0,0,657
"background",324,324,0.000198373338623289,0.0678436818091648,0.725649672683991,0.121007736560206,0.00277722674072605,0.0825233088672882,340
"background",325,325,0,0.298155127950803,0.455266812140448,0.0382860543542948,0.208292005554453,0,234
"background",326,326,0.164451497718707,0.191430271771474,0.604443562785162,0.0392779210474112,0.000396746677246578,0,863
"background",327,327,0,0.342392382463797,0.519738147193017,0.0706209085498909,0.067248561793295,0,310
"background",328,328,0,0.198174965284666,0.625272763340607,0.0898631223963499,0.0823249355286649,0.00436421344971236,389
"background",329,329,0,0.0307478674866098,0.643324737155326,0.291410434437612,0.0303511208093632,0.00416584011108907,363
"background",330,330,0,0.32870462209879,0.427891291410434,0.0670501884546717,0.176353898036104,0,349
"background",331,331,0,0.319182701844872,0.382067050188455,0.134893870263837,0.16226939099385,0.00158698670898631,326
"background",332,332,0,0.13509224360246,0.83654036897441,0.0261852806982742,0.00218210672485618,0,240
"background",333,333,0.112080936322158,0.350525689347352,0.534021027573894,0.00337234675659591,0,0,579
"background",334,334,0,0.00614957349732196,0.466772465780599,0.262646300337235,0.259273953580639,0.00515770680420552,408
"background",335,335,0.00198373338623289,0.0868875223170006,0.595120015869867,0.150565364015076,0.00853005356080143,0.156913310851022,308
"background",336,336,0.0323348541955961,0.622495536599881,0.285657607617536,0.026780400714144,0.0168617337829796,0.0158698670898631,318
