Maxent_test_maps/Proportion/hab_5.asc
NCOLS 385 
NROWS 303 
XLLCORNER 268220.725019301 
YLLCORNER 743137.81817112 
CELLSIZE 114 
NODATA_value -9999 
[rows 252 to 272 of 303, columns 230 to 275 of 385]
0 0 0 0 0 0 0 0 0 0 0 0 0 0 0 0 0 0 0 0.00346020761245675 0.0069204152249135 0.013840830449827 0.0242214532871972 0.0346020761245675 0.0519031141868512 0.0726643598615917 0.0934256055363322 0.117647058823529 0.131487889273356 0.145328719723183 0.14878892733564 0.14878892733564 0.14878892733564 0.14878892733564 0.14878892733564 0.14878892733564 0.14878892733564 0.152249134948097 0.14878892733564 0.14878892733564 0.155709342560554 0.152249134948097 0.131487889273356 0.110726643598616 0.0899653979238754 0.0865051903114187
0 0 0 0 0 0 0 0 0 0 0 0 0 0 0 0 0 0 0 0.0069204152249135 0.013840830449827 0.0242214532871972 0.0346020761245675 0.0449826989619377 0.0622837370242214 0.0865051903114187 0.107266435986159 0.134948096885813 0.152249134948097 0.166089965397924 0.169550173010381 0.169550173010381 0.169550173010381 0.169550173010381 0.169550173010381 0.169550173010381 0.162629757785467 0.15916955017301 0.152249134948097 0.152249134948097 0.15916955017301 0.155709342560554 0.131487889273356 0.110726643598616 0.0865051903114187 0.0795847750865052
0 0 0 0 0 0 0 0 0 0 0 0 0 0 0 0 0.00346020761245675 0.0069204152249135 0.0103806228373702 0.0207612456747405 0.0311418685121107 0.0449826989619377 0.055363321799308 0.0657439446366782 0.0830449826989619 0.110726643598616 0.134948096885813 0.166089965397924 0.186851211072664 0.204152249134948 0.211072664359862 0.211072664359862 0.211072664359862 0.207612456747405 0.204152249134948 0.200692041522491 0.190311418685121 0.179930795847751 0.169550173010381 0.169550173010381 0.176470588235294 0.173010380622837 0.14878892733564 0.124567474048443 0.0968858131487889 0.0865051903114187
0 0 0 0 0 0 0 0 0 0 0 0 0 0 0 0 0.0069204152249135 0.013840830449827 0.0207612456747405 0.0346020761245675 0.0484429065743945 0.0622837370242214 0.0726643598615917 0.0830449826989619 0.103806228373702 0.134948096885813 0.15916955017301 0.193771626297578 0.217993079584775 0.238754325259516 0.245674740484429 0.245674740484429 0.245674740484429 0.238754325259516 0.231833910034602 0.224913494809689 0.211072664359862 0.197231833910035 0.183391003460208 0.179930795847751 0.183391003460208 0.176470588235294 0.14878892733564 0.1280276816609 0.0968858131487889 0.0830449826989619
0 0 0 0 0 0 0 0 0 0 0 0 0 0.00346020761245675 0.00346020761245675 0.00346020761245675 0.0103806228373702 0.0207612456747405 0.0311418685121107 0.0484429065743945 0.0657439446366782 0.0830449826989619 0.0934256055363322 0.107266435986159 0.131487889273356 0.166089965397924 0.193771626297578 0.228373702422145 0.256055363321799 0.280276816608997 0.28719723183391 0.290657439446367 0.290657439446367 0.283737024221453 0.273356401384083 0.262975778546713 0.245674740484429 0.228373702422145 0.211072664359862 0.204152249134948 0.200692041522491 0.190311418685121 0.15916955017301 0.134948096885813 0.103806228373702 0.0865051903114187
0 0 0 0 0 0 0 0 0 0 0 0 0.00346020761245675 0.0103806228373702 0.0103806228373702 0.0103806228373702 0.0173010380622837 0.0311418685121107 0.0449826989619377 0.0657439446366782 0.0865051903114187 0.107266435986159 0.121107266435986 0.13840830449827 0.166089965397924 0.204152249134948 0.231833910034602 0.269896193771626 0.301038062283737 0.325259515570934 0.328719723183391 0.332179930795848 0.332179930795848 0.325259515570934 0.311418685121107 0.29757785467128 0.27681660899654 0.256055363321799 0.235294117647059 0.221453287197232 0.211072664359862 0.193771626297578 0.15916955017301 0.134948096885813 0.0968858131487889 0.0726643598615917
0 0 0 0 0 0 0 0 0 0 0.00346020761245675 0.0069204152249135 0.013840830449827 0.0207612456747405 0.0207612456747405 0.0207612456747405 0.027681660899654 0.041522491349481 0.0588235294117647 0.0830449826989619 0.107266435986159 0.131487889273356 0.14878892733564 0.169550173010381 0.200692041522491 0.242214532871972 0.273356401384083 0.311418685121107 0.342560553633218 0.366782006920415 0.370242214532872 0.373702422145329 0.373702422145329 0.366782006920415 0.352941176470588 0.335640138408304 0.311418685121107 0.28719723183391 0.262975778546713 0.245674740484429 0.231833910034602 0.211072664359862 0.173010380622837 0.145328719723183 0.103806228373702 0.0726643598615917
0 0 0 0 0 0 0 0 0 0.00346020761245675 0.0103806228373702 0.0173010380622837 0.027681660899654 0.0346020761245675 0.0346020761245675 0.0346020761245675 0.041522491349481 0.055363321799308 0.0761245674740484 0.103806228373702 0.131487889273356 0.15916955017301 0.179930795847751 0.204152249134948 0.238754325259516 0.283737024221453 0.314878892733564 0.352941176470588 0.380622837370242 0.401384083044983 0.404844290657439 0.408304498269896 0.408304498269896 0.401384083044983 0.387543252595156 0.366782006920415 0.339100346020761 0.311418685121107 0.283737024221453 0.262975778546713 0.245674740484429 0.221453287197232 0.179930795847751 0.14878892733564 0.103806228373702 0.0726643598615917
0 0 0 0 0 0 0 0.00346020761245675 0.0069204152249135 0.013840830449827 0.0242214532871972 0.0346020761245675 0.0484429065743945 0.0588235294117647 0.0622837370242214 0.0622837370242214 0.069204152249135 0.0830449826989619 0.103806228373702 0.131487889273356 0.162629757785467 0.193771626297578 0.217993079584775 0.245674740484429 0.280276816608997 0.325259515570934 0.352941176470588 0.387543252595156 0.41522491349481 0.432525951557093 0.432525951557093 0.432525951557093 0.432525951557093 0.42560553633218 0.411764705882353 0.391003460207612 0.363321799307958 0.332179930795848 0.301038062283737 0.27681660899654 0.256055363321799 0.228373702422145 0.183391003460208 0.152249134948097 0.107266435986159 0.069204152249135
0 0 0 0 0 0 0.00346020761245675 0.0069204152249135 0.013840830449827 0.0242214532871972 0.0380622837370242 0.0519031141868512 0.069204152249135 0.0830449826989619 0.0865051903114187 0.0865051903114187 0.0934256055363322 0.107266435986159 0.1280276816609 0.155709342560554 0.190311418685121 0.224913494809689 0.252595155709343 0.280276816608997 0.318339100346021 0.363321799307958 0.387543252595156 0.418685121107266 0.442906574394464 0.460207612456747 0.456747404844291 0.456747404844291 0.456747404844291 0.449826989619377 0.43598615916955 0.41522491349481 0.387543252595156 0.352941176470588 0.318339100346021 0.290657439446367 0.262975778546713 0.231833910034602 0.183391003460208 0.152249134948097 0.107266435986159 0.069204152249135
0 0 0 0 0.00346020761245675 0.0069204152249135 0.013840830449827 0.0173010380622837 0.0242214532871972 0.0346020761245675 0.0519031141868512 0.069204152249135 0.0899653979238754 0.103806228373702 0.110726643598616 0.110726643598616 0.121107266435986 0.13840830449827 0.162629757785467 0.190311418685121 0.224913494809689 0.259515570934256 0.28719723183391 0.314878892733564 0.356401384083045 0.404844290657439 0.432525951557093 0.463667820069204 0.487889273356401 0.505190311418685 0.505190311418685 0.501730103806228 0.501730103806228 0.491349480968858 0.474048442906574 0.449826989619377 0.422145328719723 0.387543252595156 0.349480968858132 0.318339100346021 0.283737024221453 0.249134948096886 0.197231833910035 0.166089965397924 0.117647058823529 0.0761245674740484
0 0 0 0.00346020761245675 0.0103806228373702 0.0173010380622837 0.027681660899654 0.0346020761245675 0.0449826989619377 0.055363321799308 0.0761245674740484 0.0968858131487889 0.121107266435986 0.13840830449827 0.145328719723183 0.14878892733564 0.162629757785467 0.183391003460208 0.211072664359862 0.238754325259516 0.269896193771626 0.301038062283737 0.328719723183391 0.356401384083045 0.397923875432526 0.44636678200692 0.477508650519031 0.508650519031142 0.532871972318339 0.550173010380623 0.550173010380623 0.550173010380623 0.550173010380623 0.536332179930796 0.515570934256055 0.487889273356401 0.460207612456747 0.42560553633218 0.387543252595156 0.352941176470588 0.314878892733564 0.273356401384083 0.217993079584775 0.186851211072664 0.134948096885813 0.0899653979238754
0 0 0 0.0069204152249135 0.013840830449827 0.0242214532871972 0.0380622837370242 0.0484429065743945 0.0622837370242214 0.0726643598615917 0.0934256055363322 0.117647058823529 0.145328719723183 0.166089965397924 0.176470588235294 0.183391003460208 0.200692041522491 0.224913494809689 0.256055363321799 0.283737024221453 0.314878892733564 0.346020761245675 0.373702422145329 0.401384083044983 0.442906574394464 0.487889273356401 0.519031141868512 0.550173010380623 0.570934256055363 0.58477508650519 0.58477508650519 0.58477508650519 0.58477508650519 0.570934256055363 0.546712802768166 0.515570934256055 0.487889273356401 0.449826989619377 0.411764705882353 0.373702422145329 0.332179930795848 0.290657439446367 0.235294117647059 0.207612456747405 0.155709342560554 0.110726643598616
0 0 0 0.0103806228373702 0.0173010380622837 0.027681660899654 0.0449826989619377 0.0588235294117647 0.0726643598615917 0.0830449826989619 0.103806228373702 0.1280276816609 0.15916955017301 0.183391003460208 0.197231833910035 0.207612456747405 0.228373702422145 0.256055363321799 0.290657439446367 0.321799307958477 0.349480968858132 0.384083044982699 0.41522491349481 0.442906574394464 0.480968858131488 0.525951557093426 0.557093425605536 0.588235294117647 0.608996539792388 0.622837370242215 0.622837370242215 0.622837370242215 0.622837370242215 0.608996539792388 0.581314878892734 0.546712802768166 0.515570934256055 0.477508650519031 0.43598615916955 0.394463667820069 0.349480968858132 0.307958477508651 0.256055363321799 0.231833910034602 0.183391003460208 0.13840830449827
0 0 0 0.013840830449827 0.0242214532871972 0.0346020761245675 0.055363321799308 0.0726643598615917 0.0865051903114187 0.100346020761246 0.121107266435986 0.14878892733564 0.183391003460208 0.211072664359862 0.228373702422145 0.242214532871972 0.26643598615917 0.29757785467128 0.332179930795848 0.366782006920415 0.391003460207612 0.422145328719723 0.453287197231834 0.477508650519031 0.512110726643599 0.557093425605536 0.58477508650519 0.615916955017301 0.633217993079585 0.643598615916955 0.643598615916955 0.643598615916955 0.643598615916955 0.629757785467128 0.598615916955017 0.56401384083045 0.529411764705882 0.491349480968858 0.449826989619377 0.408304498269896 0.363321799307958 0.321799307958477 0.273356401384083 0.249134948096886 0.204152249134948 0.162629757785467
0 0 0 0.013840830449827 0.027681660899654 0.041522491349481 0.0657439446366782 0.0865051903114187 0.103806228373702 0.121107266435986 0.145328719723183 0.176470588235294 0.214532871972318 0.245674740484429 0.26643598615917 0.283737024221453 0.311418685121107 0.342560553633218 0.380622837370242 0.418685121107266 0.442906574394464 0.470588235294118 0.494809688581315 0.515570934256055 0.546712802768166 0.588235294117647 0.612456747404844 0.640138408304498 0.653979238754325 0.664359861591695 0.664359861591695 0.664359861591695 0.664359861591695 0.647058823529412 0.615916955017301 0.577854671280277 0.539792387543253 0.501730103806228 0.460207612456747 0.422145328719723 0.377162629757785 0.335640138408304 0.28719723183391 0.262975778546713 0.221453287197232 0.179930795847751
0 0 0 0.0173010380622837 0.0346020761245675 0.0519031141868512 0.0795847750865052 0.103806228373702 0.124567474048443 0.145328719723183 0.173010380622837 0.207612456747405 0.249134948096886 0.283737024221453 0.307958477508651 0.328719723183391 0.359861591695502 0.394463667820069 0.43598615916955 0.477508650519031 0.498269896193772 0.519031141868512 0.536332179930796 0.550173010380623 0.577854671280277 0.615916955017301 0.636678200692042 0.664359861591695 0.674740484429066 0.681660899653979 0.678200692041522 0.678200692041522 0.674740484429066 0.653979238754325 0.619377162629758 0.577854671280277 0.536332179930796 0.498269896193772 0.460207612456747 0.42560553633218 0.384083044982699 0.342560553633218 0.294117647058824 0.269896193771626 0.228373702422145 0.186851211072664
0 0 0 0.0173010380622837 0.0380622837370242 0.0588235294117647 0.0899653979238754 0.117647058823529 0.141868512110727 0.166089965397924 0.193771626297578 0.231833910034602 0.27681660899654 0.311418685121107 0.335640138408304 0.359861591695502 0.394463667820069 0.432525951557093 0.477508650519031 0.519031141868512 0.536332179930796 0.550173010380623 0.56401384083045 0.57439446366782 0.598615916955017 0.633217993079585 0.650519031141868 0.678200692041522 0.688581314878893 0.692041522491349 0.692041522491349 0.695501730103806 0.688581314878893 0.664359861591695 0.626297577854671 0.58477508650519 0.543252595155709 0.508650519031142 0.474048442906574 0.439446366782007 0.397923875432526 0.356401384083045 0.307958477508651 0.283737024221453 0.245674740484429 0.200692041522491
0 0 0 0.0173010380622837 0.041522491349481 0.0657439446366782 0.100346020761246 0.131487889273356 0.15916955017301 0.186851211072664 0.217993079584775 0.256055363321799 0.304498269896194 0.339100346020761 0.363321799307958 0.387543252595156 0.42560553633218 0.467128027681661 0.515570934256055 0.55363321799308 0.567474048442907 0.57439446366782 0.58477508650519 0.591695501730104 0.612456747404844 0.643598615916955 0.660899653979239 0.685121107266436 0.695501730103806 0.698961937716263 0.70242214532872 0.709342560553633 0.70242214532872 0.674740484429066 0.636678200692042 0.595155709342561 0.557093425605536 0.525951557093426 0.494809688581315 0.460207612456747 0.418685121107266 0.377162629757785 0.328719723183391 0.301038062283737 0.262975778546713 0.221453287197232
0 0 0 0.0173010380622837 0.041522491349481 0.069204152249135 0.107266435986159 0.141868512110727 0.173010380622837 0.204152249134948 0.238754325259516 0.27681660899654 0.325259515570934 0.363321799307958 0.391003460207612 0.418685121107266 0.453287197231834 0.494809688581315 0.543252595155709 0.581314878892734 0.595155709342561 0.602076124567474 0.608996539792388 0.612456747404844 0.629757785467128 0.653979238754325 0.667820069204152 0.688581314878893 0.698961937716263 0.70242214532872 0.70242214532872 0.709342560553633 0.698961937716263 0.678200692041522 0.640138408304498 0.602076124567474 0.56401384083045 0.532871972318339 0.501730103806228 0.467128027681661 0.42560553633218 0.384083044982699 0.335640138408304 0.307958477508651 0.273356401384083 0.235294117647059
0 0 0 0.0173010380622837 0.041522491349481 0.069204152249135 0.110726643598616 0.14878892733564 0.183391003460208 0.217993079584775 0.256055363321799 0.294117647058824 0.342560553633218 0.384083044982699 0.411764705882353 0.439446366782007 0.470588235294118 0.512110726643599 0.560553633217993 0.598615916955017 0.612456747404844 0.622837370242215 0.633217993079585 0.633217993079585 0.643598615916955 0.660899653979239 0.674740484429066 0.692041522491349 0.70242214532872 0.705882352941177 0.70242214532872 0.71280276816609 0.705882352941177 0.692041522491349 0.657439446366782 0.622837370242215 0.588235294117647 0.557093425605536 0.522491349480969 0.484429065743945 0.442906574394464 0.404844290657439 0.359861591695502 0.325259515570934 0.290657439446367 0.252595155709343
