Maxent_test_maps/Proportion/hab_4.asc
NCOLS 385 
NROWS 303 
XLLCORNER 268220.725019301 
YLLCORNER 743137.81817112 
CELLSIZE 114 
NODATA_value -9999 
[rows 100 to 119 of 303, columns 90 to 134 of 385]
0.0449826989619377 0.0449826989619377 0.0449826989619377 0.0484429065743945 0.0484429065743945 0.0519031141868512 0.0519031141868512 0.0519031141868512 0.055363321799308 0.0588235294117647 0.0519031141868512 0.0484429065743945 0.0484429065743945 0.0449826989619377 0.0380622837370242 0.0311418685121107 0.0173010380622837 0.013840830449827 0.013840830449827 0.0311418685121107 0.0519031141868512 0.0830449826989619 0.114186851211073 0.134948096885813 0.15916955017301 0.173010380622837 0.179930795847751 0.186851211072664 0.186851211072664 0.186851211072664 0.186851211072664 0.186851211072664 0.186851211072664 0.186851211072664 0.186851211072664 0.186851211072664 0.169550173010381 0.145328719723183 0.114186851211073 0.0795847750865052 0.0588235294117647 0.0380622837370242 0.0207612456747405 0.013840830449827 0.0069204152249135
0.041522491349481 0.041522491349481 0.041522491349481 0.0449826989619377 0.0449826989619377 0.0484429065743945 0.0484429065743945 0.0449826989619377 0.0484429065743945 0.0519031141868512 0.0449826989619377 0.041522491349481 0.041522491349481 0.0380622837370242 0.0346020761245675 0.027681660899654 0.0173010380622837 0.0173010380622837 0.0173010380622837 0.0346020761245675 0.055363321799308 0.0899653979238754 0.121107266435986 0.13840830449827 0.162629757785467 0.173010380622837 0.176470588235294 0.183391003460208 0.183391003460208 0.183391003460208 0.183391003460208 0.179930795847751 0.179930795847751 0.179930795847751 0.179930795847751 0.179930795847751 0.162629757785467 0.13840830449827 0.103806228373702 0.069204152249135 0.0519031141868512 0.0311418685121107 0.0173010380622837 0.0103806228373702 0.00346020761245675
0.0380622837370242 0.0380622837370242 0.0380622837370242 0.041522491349481 0.041522491349481 0.0449826989619377 0.0449826989619377 0.041522491349481 0.041522491349481 0.041522491349481 0.0380622837370242 0.0346020761245675 0.0346020761245675 0.0311418685121107 0.0311418685121107 0.027681660899654 0.0207612456747405 0.0207612456747405 0.0207612456747405 0.0380622837370242 0.0588235294117647 0.0934256055363322 0.121107266435986 0.13840830449827 0.162629757785467 0.173010380622837 0.176470588235294 0.179930795847751 0.179930795847751 0.179930795847751 0.179930795847751 0.176470588235294 0.176470588235294 0.176470588235294 0.176470588235294 0.176470588235294 0.15916955017301 0.134948096885813 0.100346020761246 0.069204152249135 0.0519031141868512 0.0311418685121107 0.0173010380622837 0.0103806228373702 0.00346020761245675
0.0346020761245675 0.0346020761245675 0.0346020761245675 0.0380622837370242 0.0380622837370242 0.041522491349481 0.041522491349481 0.0380622837370242 0.0380622837370242 0.0380622837370242 0.0346020761245675 0.0311418685121107 0.0311418685121107 0.027681660899654 0.027681660899654 0.0242214532871972 0.0207612456747405 0.0207612456747405 0.0207612456747405 0.0380622837370242 0.0588235294117647 0.0899653979238754 0.114186851211073 0.131487889273356 0.152249134948097 0.162629757785467 0.166089965397924 0.169550173010381 0.169550173010381 0.169550173010381 0.169550173010381 0.166089965397924 0.166089965397924 0.166089965397924 0.166089965397924 0.166089965397924 0.14878892733564 0.124567474048443 0.0934256055363322 0.0657439446366782 0.0484429065743945 0.0311418685121107 0.0173010380622837 0.0103806228373702 0.00346020761245675
0.0242214532871972 0.0242214532871972 0.0242214532871972 0.027681660899654 0.027681660899654 0.0311418685121107 0.0311418685121107 0.027681660899654 0.027681660899654 0.027681660899654 0.0242214532871972 0.0207612456747405 0.0207612456747405 0.0173010380622837 0.0207612456747405 0.0207612456747405 0.0207612456747405 0.0207612456747405 0.0207612456747405 0.0380622837370242 0.055363321799308 0.0830449826989619 0.103806228373702 0.121107266435986 0.13840830449827 0.14878892733564 0.152249134948097 0.155709342560554 0.155709342560554 0.155709342560554 0.155709342560554 0.152249134948097 0.152249134948097 0.152249134948097 0.152249134948097 0.152249134948097 0.134948096885813 0.114186851211073 0.0865051903114187 0.0622837370242214 0.0449826989619377 0.0311418685121107 0.0173010380622837 0.0103806228373702 0.00346020761245675
0.0207612456747405 0.0207612456747405 0.0207612456747405 0.0242214532871972 0.0242214532871972 0.027681660899654 0.027681660899654 0.0242214532871972 0.0242214532871972 0.0242214532871972 0.0207612456747405 0.0173010380622837 0.0173010380622837 0.0173010380622837 0.0207612456747405 0.0207612456747405 0.0207612456747405 0.0207612456747405 0.0207612456747405 0.0380622837370242 0.0519031141868512 0.0761245674740484 0.0934256055363322 0.107266435986159 0.121107266435986 0.131487889273356 0.134948096885813 0.13840830449827 0.13840830449827 0.13840830449827 0.13840830449827 0.134948096885813 0.134948096885813 0.134948096885813 0.134948096885813 0.134948096885813 0.117647058823529 0.100346020761246 0.0761245674740484 0.055363321799308 0.041522491349481 0.0311418685121107 0.0173010380622837 0.0103806228373702 0.00346020761245675
0.0207612456747405 0.0207612456747405 0.0207612456747405 0.0242214532871972 0.0242214532871972 0.027681660899654 0.027681660899654 0.0242214532871972 0.0242214532871972 0.0242214532871972 0.0207612456747405 0.0173010380622837 0.0173010380622837 0.0173010380622837 0.0207612456747405 0.0207612456747405 0.0207612456747405 0.0207612456747405 0.0207612456747405 0.0380622837370242 0.0484429065743945 0.069204152249135 0.0830449826989619 0.0934256055363322 0.103806228373702 0.110726643598616 0.114186851211073 0.117647058823529 0.117647058823529 0.117647058823529 0.117647058823529 0.114186851211073 0.114186851211073 0.114186851211073 0.114186851211073 0.114186851211073 0.0968858131487889 0.0830449826989619 0.0622837370242214 0.0449826989619377 0.0346020761245675 0.027681660899654 0.0173010380622837 0.0103806228373702 0.0069204152249135
0.0207612456747405 0.0207612456747405 0.0207612456747405 0.0242214532871972 0.0242214532871972 0.027681660899654 0.027681660899654 0.0242214532871972 0.0242214532871972 0.0242214532871972 0.0207612456747405 0.0173010380622837 0.0173010380622837 0.0173010380622837 0.0207612456747405 0.0242214532871972 0.027681660899654 0.0311418685121107 0.0311418685121107 0.0449826989619377 0.0519031141868512 0.069204152249135 0.0795847750865052 0.0865051903114187 0.0934256055363322 0.0968858131487889 0.0968858131487889 0.0968858131487889 0.0968858131487889 0.0968858131487889 0.0968858131487889 0.0934256055363322 0.0899653979238754 0.0865051903114187 0.0830449826989619 0.0830449826989619 0.069204152249135 0.0588235294117647 0.041522491349481 0.027681660899654 0.0207612456747405 0.0173010380622837 0.0103806228373702 0.0069204152249135 0.0069204152249135
0.0207612456747405 0.0207612456747405 0.0207612456747405 0.0242214532871972 0.0242214532871972 0.027681660899654 0.027681660899654 0.0242214532871972 0.0242214532871972 0.0242214532871972 0.0207612456747405 0.0173010380622837 0.0173010380622837 0.0173010380622837 0.0242214532871972 0.0311418685121107 0.0380622837370242 0.0449826989619377 0.0484429065743945 0.0588235294117647 0.0622837370242214 0.0761245674740484 0.0830449826989619 0.0899653979238754 0.0934256055363322 0.0934256055363322 0.0899653979238754 0.0865051903114187 0.0865051903114187 0.0865051903114187 0.0865051903114187 0.0795847750865052 0.0726643598615917 0.0657439446366782 0.0588235294117647 0.055363321799308 0.0449826989619377 0.0380622837370242 0.0242214532871972 0.013840830449827 0.0069204152249135 0.0069204152249135 0.00346020761245675 0.00346020761245675 0.0069204152249135
0.0207612456747405 0.0207612456747405 0.0207612456747405 0.0242214532871972 0.0242214532871972 0.027681660899654 0.027681660899654 0.0242214532871972 0.0242214532871972 0.0242214532871972 0.0207612456747405 0.0173010380622837 0.0207612456747405 0.0207612456747405 0.0311418685121107 0.041522491349481 0.0519031141868512 0.0622837370242214 0.069204152249135 0.0795847750865052 0.0795847750865052 0.0899653979238754 0.0934256055363322 0.0968858131487889 0.0968858131487889 0.0968858131487889 0.0934256055363322 0.0899653979238754 0.0899653979238754 0.0865051903114187 0.0865051903114187 0.0761245674740484 0.0657439446366782 0.055363321799308 0.0449826989619377 0.0380622837370242 0.027681660899654 0.0242214532871972 0.013840830449827 0.0069204152249135 0.00346020761245675 0.0103806228373702 0.0069204152249135 0.0069204152249135 0.0103806228373702
0.0207612456747405 0.0207612456747405 0.0207612456747405 0.0242214532871972 0.0242214532871972 0.027681660899654 0.027681660899654 0.0242214532871972 0.0242214532871972 0.0242214532871972 0.0207612456747405 0.0173010380622837 0.0242214532871972 0.027681660899654 0.041522491349481 0.055363321799308 0.0657439446366782 0.0795847750865052 0.0899653979238754 0.100346020761246 0.103806228373702 0.110726643598616 0.110726643598616 0.110726643598616 0.110726643598616 0.110726643598616 0.107266435986159 0.103806228373702 0.103806228373702 0.0968858131487889 0.0934256055363322 0.0795847750865052 0.0657439446366782 0.055363321799308 0.041522491349481 0.0311418685121107 0.0207612456747405 0.013840830449827 0.0069204152249135 0.00346020761245675 0.00346020761245675 0.0069204152249135 0.00346020761245675 0.00346020761245675 0.0069204152249135
0.0207612456747405 0.0207612456747405 0.0207612456747405 0.0242214532871972 0.0242214532871972 0.027681660899654 0.027681660899654 0.0242214532871972 0.0242214532871972 0.0242214532871972 0.0207612456747405 0.0173010380622837 0.027681660899654 0.0346020761245675 0.0519031141868512 0.069204152249135 0.0795847750865052 0.0934256055363322 0.103806228373702 0.114186851211073 0.117647058823529 0.124567474048443 0.124567474048443 0.124567474048443 0.124567474048443 0.124567474048443 0.121107266435986 0.117647058823529 0.117647058823529 0.107266435986159 0.100346020761246 0.0830449826989619 0.0657439446366782 0.055363321799308 0.041522491349481 0.0311418685121107 0.0207612456747405 0.013840830449827 0.0069204152249135 0.00346020761245675 0.00346020761245675 0.0069204152249135 0.00346020761245675 0.00346020761245675 0.0069204152249135
0.0207612456747405 0.0207612456747405 0.0207612456747405 0.0207612456747405 0.0207612456747405 0.0242214532871972 0.0242214532871972 0.0207612456747405 0.0207612456747405 0.0242214532871972 0.0242214532871972 0.0242214532871972 0.0380622837370242 0.0484429065743945 0.069204152249135 0.0899653979238754 0.100346020761246 0.114186851211073 0.124567474048443 0.13840830449827 0.145328719723183 0.152249134948097 0.152249134948097 0.152249134948097 0.152249134948097 0.155709342560554 0.14878892733564 0.141868512110727 0.13840830449827 0.124567474048443 0.114186851211073 0.0934256055363322 0.0726643598615917 0.0622837370242214 0.0484429065743945 0.0380622837370242 0.0242214532871972 0.0173010380622837 0.0103806228373702 0.0069204152249135 0.0069204152249135 0.0103806228373702 0.00346020761245675 0.00346020761245675 0.0069204152249135
0.0242214532871972 0.0242214532871972 0.0242214532871972 0.0242214532871972 0.0242214532871972 0.0242214532871972 0.0242214532871972 0.0207612456747405 0.0207612456747405 0.0242214532871972 0.027681660899654 0.0311418685121107 0.0484429065743945 0.0588235294117647 0.0830449826989619 0.103806228373702 0.114186851211073 0.1280276816609 0.13840830449827 0.155709342560554 0.162629757785467 0.169550173010381 0.173010380622837 0.173010380622837 0.173010380622837 0.176470588235294 0.169550173010381 0.15916955017301 0.152249134948097 0.134948096885813 0.121107266435986 0.0968858131487889 0.0761245674740484 0.0657439446366782 0.0519031141868512 0.041522491349481 0.0242214532871972 0.0173010380622837 0.0103806228373702 0.0069204152249135 0.0069204152249135 0.0103806228373702 0.00346020761245675 0.00346020761245675 0.0069204152249135
0.0207612456747405 0.0207612456747405 0.0207612456747405 0.0207612456747405 0.0207612456747405 0.0207612456747405 0.0207612456747405 0.0173010380622837 0.013840830449827 0.0173010380622837 0.027681660899654 0.0346020761245675 0.0519031141868512 0.0657439446366782 0.0934256055363322 0.114186851211073 0.124567474048443 0.13840830449827 0.14878892733564 0.166089965397924 0.173010380622837 0.179930795847751 0.183391003460208 0.183391003460208 0.183391003460208 0.190311418685121 0.183391003460208 0.169550173010381 0.15916955017301 0.141868512110727 0.124567474048443 0.0968858131487889 0.0761245674740484 0.0657439446366782 0.0519031141868512 0.041522491349481 0.0242214532871972 0.0173010380622837 0.0103806228373702 0.0069204152249135 0.0069204152249135 0.0103806228373702 0.00346020761245675 0.00346020761245675 0.0069204152249135
0.0242214532871972 0.0242214532871972 0.0242214532871972 0.0242214532871972 0.0242214532871972 0.0242214532871972 0.0242214532871972 0.0207612456747405 0.0173010380622837 0.0207612456747405 0.0346020761245675 0.041522491349481 0.055363321799308 0.0726643598615917 0.103806228373702 0.124567474048443 0.13840830449827 0.152249134948097 0.162629757785467 0.179930795847751 0.186851211072664 0.193771626297578 0.197231833910035 0.197231833910035 0.197231833910035 0.204152249134948 0.197231833910035 0.179930795847751 0.169550173010381 0.152249134948097 0.131487889273356 0.100346020761246 0.0795847750865052 0.0657439446366782 0.0519031141868512 0.041522491349481 0.0242214532871972 0.0173010380622837 0.0103806228373702 0.0069204152249135 0.0069204152249135 0.0103806228373702 0.00346020761245675 0.00346020761245675 0.0069204152249135
0.0207612456747405 0.0207612456747405 0.0207612456747405 0.0207612456747405 0.0207612456747405 0.0207612456747405 0.0207612456747405 0.0173010380622837 0.013840830449827 0.0173010380622837 0.0380622837370242 0.0484429065743945 0.0657439446366782 0.0830449826989619 0.117647058823529 0.141868512110727 0.155709342560554 0.173010380622837 0.186851211072664 0.204152249134948 0.211072664359862 0.217993079584775 0.221453287197232 0.221453287197232 0.221453287197232 0.228373702422145 0.221453287197232 0.200692041522491 0.190311418685121 0.169550173010381 0.14878892733564 0.114186851211073 0.0899653979238754 0.0761245674740484 0.0588235294117647 0.0449826989619377 0.027681660899654 0.0207612456747405 0.013840830449827 0.0103806228373702 0.0103806228373702 0.013840830449827 0.0069204152249135 0.0069204152249135 0.0103806228373702
0.027681660899654 0.027681660899654 0.027681660899654 0.027681660899654 0.027681660899654 0.027681660899654 0.027681660899654 0.0242214532871972 0.0207612456747405 0.0242214532871972 0.0484429065743945 0.0622837370242214 0.0830449826989619 0.103806228373702 0.13840830449827 0.162629757785467 0.179930795847751 0.200692041522491 0.214532871972318 0.231833910034602 0.238754325259516 0.245674740484429 0.249134948096886 0.249134948096886 0.249134948096886 0.252595155709343 0.245674740484429 0.221453287197232 0.207612456747405 0.183391003460208 0.15916955017301 0.121107266435986 0.0934256055363322 0.0761245674740484 0.055363321799308 0.041522491349481 0.0242214532871972 0.0173010380622837 0.0103806228373702 0.0069204152249135 0.0103806228373702 0.013840830449827 0.0103806228373702 0.0103806228373702 0.013840830449827
0.0311418685121107 0.0311418685121107 0.0311418685121107 0.0311418685121107 0.0311418685121107 0.0311418685121107 0.0311418685121107 0.0311418685121107 0.027681660899654 0.0311418685121107 0.0588235294117647 0.0761245674740484 0.0968858131487889 0.117647058823529 0.14878892733564 0.173010380622837 0.193771626297578 0.214532871972318 0.228373702422145 0.245674740484429 0.252595155709343 0.256055363321799 0.256055363321799 0.256055363321799 0.256055363321799 0.259515570934256 0.252595155709343 0.224913494809689 0.207612456747405 0.179930795847751 0.155709342560554 0.121107266435986 0.0899653979238754 0.069204152249135 0.0484429065743945 0.0346020761245675 0.0173010380622837 0.0103806228373702 0.0069204152249135 0.0069204152249135 0.0103806228373702 0.013840830449827 0.0103806228373702 0.0103806228373702 0.013840830449827
0.027681660899654 0.027681660899654 0.0311418685121107 0.0311418685121107 0.0311418685121107 0.0311418685121107 0.0311418685121107 0.0311418685121107 0.0311418685121107 0.0380622837370242 0.0622837370242214 0.0830449826989619 0.103806228373702 0.124567474048443 0.15916955017301 0.183391003460208 0.204152249134948 0.228373702422145 0.242214532871972 0.256055363321799 0.26643598615917 0.26643598615917 0.26643598615917 0.26643598615917 0.26643598615917 0.269896193771626 0.262975778546713 0.238754325259516 0.217993079584775 0.186851211072664 0.162629757785467 0.124567474048443 0.0934256055363322 0.0726643598615917 0.0484429065743945 0.0346020761245675 0.0173010380622837 0.0103806228373702 0.013840830449827 0.013840830449827 0.0173010380622837 0.0207612456747405 0.0173010380622837 0.0173010380622837 0.0207612456747405
