Maxent_test_maps/Proportion/hab_3.asc
NCOLS 385 
NROWS 303 
XLLCORNER 268220.725019301 
YLLCORNER 743137.81817112 
CELLSIZE 114 
NODATA_value -9999 
[rows 220 to 239 of 303, columns 44 to 87 of 385]
0.664359861591695 0.681660899653979 0.685121107266436 0.695501730103806 0.70242214532872 0.719723183391003 0.719723183391003 0.716262975778547 0.730103806228374 0.750865051903114 0.750865051903114 0.764705882352941 0.782006920415225 0.788927335640138 0.792387543252595 0.806228373702422 0.826989619377163 0.816608996539792 0.802768166089965 0.802768166089965 0.775086505190311 0.740484429065744 0.719723183391003 0.719723183391003 0.73356401384083 0.72318339100346 0.716262975778547 0.709342560553633 0.705882352941177 0.71280276816609 0.719723183391003 0.719723183391003 0.71280276816609 0.71280276816609 0.737024221453287 0.754325259515571 0.771626297577855 0.813148788927336 0.85121107266436 0.878892733564014 0.903114186851211 0.913494809688581 0.930795847750865 0.941176470588235
0.653979238754325 0.671280276816609 0.681660899653979 0.695501730103806 0.705882352941177 0.72318339100346 0.72318339100346 0.719723183391003 0.73356401384083 0.754325259515571 0.754325259515571 0.768166089965398 0.785467128027682 0.792387543252595 0.795847750865052 0.809688581314879 0.826989619377163 0.816608996539792 0.802768166089965 0.799307958477509 0.775086505190311 0.740484429065744 0.72318339100346 0.726643598615917 0.743944636678201 0.737024221453287 0.730103806228374 0.72318339100346 0.716262975778547 0.72318339100346 0.730103806228374 0.730103806228374 0.72318339100346 0.726643598615917 0.750865051903114 0.768166089965398 0.785467128027682 0.823529411764706 0.86159169550173 0.885813148788927 0.903114186851211 0.906574394463668 0.916955017301038 0.927335640138408
0.660899653979239 0.681660899653979 0.695501730103806 0.71280276816609 0.72318339100346 0.737024221453287 0.73356401384083 0.726643598615917 0.740484429065744 0.761245674740484 0.761245674740484 0.775086505190311 0.792387543252595 0.799307958477509 0.802768166089965 0.813148788927336 0.830449826989619 0.820069204152249 0.802768166089965 0.795847750865052 0.768166089965398 0.73356401384083 0.72318339100346 0.726643598615917 0.743944636678201 0.737024221453287 0.73356401384083 0.726643598615917 0.719723183391003 0.726643598615917 0.73356401384083 0.730103806228374 0.726643598615917 0.730103806228374 0.754325259515571 0.771626297577855 0.788927335640138 0.826989619377163 0.868512110726644 0.885813148788927 0.899653979238754 0.903114186851211 0.913494809688581 0.920415224913495
0.671280276816609 0.695501730103806 0.71280276816609 0.737024221453287 0.747404844290657 0.761245674740484 0.761245674740484 0.754325259515571 0.768166089965398 0.788927335640138 0.788927335640138 0.799307958477509 0.813148788927336 0.816608996539792 0.816608996539792 0.823529411764706 0.837370242214533 0.823529411764706 0.799307958477509 0.785467128027682 0.750865051903114 0.716262975778547 0.705882352941177 0.709342560553633 0.726643598615917 0.72318339100346 0.72318339100346 0.716262975778547 0.71280276816609 0.72318339100346 0.73356401384083 0.73356401384083 0.73356401384083 0.737024221453287 0.761245674740484 0.782006920415225 0.802768166089965 0.844290657439446 0.882352941176471 0.896193771626298 0.906574394463668 0.910034602076125 0.916955017301038 0.920415224913495
0.698961937716263 0.72318339100346 0.743944636678201 0.771626297577855 0.785467128027682 0.802768166089965 0.802768166089965 0.795847750865052 0.809688581314879 0.826989619377163 0.826989619377163 0.833910034602076 0.844290657439446 0.84083044982699 0.837370242214533 0.84083044982699 0.85121107266436 0.837370242214533 0.806228373702422 0.785467128027682 0.747404844290657 0.71280276816609 0.698961937716263 0.705882352941177 0.72318339100346 0.72318339100346 0.726643598615917 0.72318339100346 0.719723183391003 0.730103806228374 0.743944636678201 0.747404844290657 0.747404844290657 0.750865051903114 0.775086505190311 0.799307958477509 0.823529411764706 0.86159169550173 0.896193771626298 0.910034602076125 0.916955017301038 0.920415224913495 0.923875432525952 0.923875432525952
0.743944636678201 0.771626297577855 0.795847750865052 0.823529411764706 0.833910034602076 0.85121107266436 0.85121107266436 0.84083044982699 0.85121107266436 0.865051903114187 0.86159169550173 0.865051903114187 0.8719723183391 0.865051903114187 0.858131487889273 0.858131487889273 0.865051903114187 0.847750865051903 0.816608996539792 0.788927335640138 0.747404844290657 0.716262975778547 0.70242214532872 0.709342560553633 0.730103806228374 0.73356401384083 0.737024221453287 0.737024221453287 0.73356401384083 0.743944636678201 0.757785467128028 0.761245674740484 0.764705882352941 0.768166089965398 0.792387543252595 0.820069204152249 0.847750865051903 0.885813148788927 0.916955017301038 0.930795847750865 0.934256055363322 0.934256055363322 0.934256055363322 0.934256055363322
0.778546712802768 0.806228373702422 0.833910034602076 0.858131487889273 0.865051903114187 0.882352941176471 0.878892733564014 0.868512110726644 0.875432525951557 0.889273356401384 0.885813148788927 0.889273356401384 0.892733564013841 0.885813148788927 0.878892733564014 0.875432525951557 0.878892733564014 0.858131487889273 0.823529411764706 0.792387543252595 0.750865051903114 0.72318339100346 0.709342560553633 0.719723183391003 0.740484429065744 0.747404844290657 0.750865051903114 0.750865051903114 0.747404844290657 0.757785467128028 0.771626297577855 0.775086505190311 0.782006920415225 0.788927335640138 0.813148788927336 0.844290657439446 0.8719723183391 0.910034602076125 0.937716262975779 0.948096885813149 0.948096885813149 0.944636678200692 0.941176470588235 0.941176470588235
0.802768166089965 0.830449826989619 0.858131487889273 0.878892733564014 0.885813148788927 0.899653979238754 0.899653979238754 0.889273356401384 0.892733564013841 0.906574394463668 0.903114186851211 0.906574394463668 0.910034602076125 0.903114186851211 0.896193771626298 0.889273356401384 0.889273356401384 0.86159169550173 0.826989619377163 0.799307958477509 0.757785467128028 0.730103806228374 0.719723183391003 0.726643598615917 0.743944636678201 0.750865051903114 0.754325259515571 0.757785467128028 0.754325259515571 0.764705882352941 0.778546712802768 0.782006920415225 0.788927335640138 0.792387543252595 0.820069204152249 0.85121107266436 0.8719723183391 0.910034602076125 0.937716262975779 0.944636678200692 0.944636678200692 0.941176470588235 0.937716262975779 0.937716262975779
0.830449826989619 0.854671280276817 0.878892733564014 0.896193771626298 0.903114186851211 0.913494809688581 0.913494809688581 0.906574394463668 0.906574394463668 0.916955017301038 0.913494809688581 0.913494809688581 0.920415224913495 0.916955017301038 0.910034602076125 0.903114186851211 0.896193771626298 0.865051903114187 0.830449826989619 0.806228373702422 0.768166089965398 0.743944636678201 0.737024221453287 0.743944636678201 0.757785467128028 0.768166089965398 0.768166089965398 0.768166089965398 0.764705882352941 0.768166089965398 0.778546712802768 0.785467128027682 0.792387543252595 0.799307958477509 0.830449826989619 0.86159169550173 0.878892733564014 0.913494809688581 0.937716262975779 0.941176470588235 0.941176470588235 0.937716262975779 0.930795847750865 0.934256055363322
0.858131487889273 0.878892733564014 0.899653979238754 0.913494809688581 0.920415224913495 0.927335640138408 0.927335640138408 0.923875432525952 0.923875432525952 0.934256055363322 0.930795847750865 0.930795847750865 0.930795847750865 0.920415224913495 0.906574394463668 0.896193771626298 0.885813148788927 0.85121107266436 0.816608996539792 0.795847750865052 0.757785467128028 0.73356401384083 0.726643598615917 0.73356401384083 0.743944636678201 0.750865051903114 0.747404844290657 0.743944636678201 0.737024221453287 0.740484429065744 0.750865051903114 0.761245674740484 0.771626297577855 0.782006920415225 0.816608996539792 0.847750865051903 0.86159169550173 0.896193771626298 0.920415224913495 0.923875432525952 0.923875432525952 0.920415224913495 0.913494809688581 0.920415224913495
0.878892733564014 0.899653979238754 0.916955017301038 0.934256055363322 0.941176470588235 0.948096885813149 0.948096885813149 0.944636678200692 0.944636678200692 0.951557093425606 0.948096885813149 0.944636678200692 0.937716262975779 0.923875432525952 0.913494809688581 0.899653979238754 0.885813148788927 0.85121107266436 0.816608996539792 0.795847750865052 0.757785467128028 0.73356401384083 0.726643598615917 0.73356401384083 0.740484429065744 0.743944636678201 0.740484429065744 0.73356401384083 0.726643598615917 0.730103806228374 0.737024221453287 0.740484429065744 0.750865051903114 0.764705882352941 0.799307958477509 0.830449826989619 0.844290657439446 0.878892733564014 0.903114186851211 0.906574394463668 0.903114186851211 0.899653979238754 0.892733564013841 0.899653979238754
0.910034602076125 0.923875432525952 0.934256055363322 0.948096885813149 0.951557093425606 0.955017301038062 0.955017301038062 0.951557093425606 0.948096885813149 0.955017301038062 0.955017301038062 0.948096885813149 0.944636678200692 0.927335640138408 0.913494809688581 0.899653979238754 0.885813148788927 0.858131487889273 0.830449826989619 0.816608996539792 0.778546712802768 0.754325259515571 0.750865051903114 0.750865051903114 0.754325259515571 0.754325259515571 0.743944636678201 0.730103806228374 0.719723183391003 0.716262975778547 0.72318339100346 0.726643598615917 0.73356401384083 0.743944636678201 0.775086505190311 0.802768166089965 0.813148788927336 0.847750865051903 0.8719723183391 0.8719723183391 0.8719723183391 0.868512110726644 0.865051903114187 0.875432525951557
0.903114186851211 0.913494809688581 0.927335640138408 0.944636678200692 0.948096885813149 0.951557093425606 0.951557093425606 0.948096885813149 0.944636678200692 0.951557093425606 0.951557093425606 0.944636678200692 0.941176470588235 0.920415224913495 0.906574394463668 0.896193771626298 0.878892733564014 0.85121107266436 0.826989619377163 0.813148788927336 0.775086505190311 0.747404844290657 0.747404844290657 0.743944636678201 0.740484429065744 0.737024221453287 0.72318339100346 0.705882352941177 0.692041522491349 0.685121107266436 0.692041522491349 0.692041522491349 0.698961937716263 0.71280276816609 0.747404844290657 0.775086505190311 0.785467128027682 0.820069204152249 0.847750865051903 0.844290657439446 0.844290657439446 0.844290657439446 0.844290657439446 0.858131487889273
0.892733564013841 0.903114186851211 0.916955017301038 0.930795847750865 0.934256055363322 0.934256055363322 0.934256055363322 0.934256055363322 0.930795847750865 0.937716262975779 0.937716262975779 0.930795847750865 0.927335640138408 0.906574394463668 0.892733564013841 0.882352941176471 0.865051903114187 0.837370242214533 0.813148788927336 0.802768166089965 0.768166089965398 0.743944636678201 0.743944636678201 0.73356401384083 0.72318339100346 0.716262975778547 0.698961937716263 0.678200692041522 0.660899653979239 0.650519031141868 0.653979238754325 0.657439446366782 0.667820069204152 0.685121107266436 0.72318339100346 0.754325259515571 0.764705882352941 0.795847750865052 0.820069204152249 0.816608996539792 0.820069204152249 0.823529411764706 0.826989619377163 0.84083044982699
0.8719723183391 0.885813148788927 0.903114186851211 0.916955017301038 0.920415224913495 0.916955017301038 0.916955017301038 0.916955017301038 0.913494809688581 0.920415224913495 0.920415224913495 0.913494809688581 0.910034602076125 0.892733564013841 0.878892733564014 0.8719723183391 0.854671280276817 0.830449826989619 0.802768166089965 0.788927335640138 0.750865051903114 0.72318339100346 0.719723183391003 0.705882352941177 0.692041522491349 0.681660899653979 0.660899653979239 0.636678200692042 0.619377162629758 0.605536332179931 0.605536332179931 0.612456747404844 0.619377162629758 0.640138408304498 0.678200692041522 0.71280276816609 0.726643598615917 0.757785467128028 0.782006920415225 0.778546712802768 0.782006920415225 0.785467128027682 0.792387543252595 0.806228373702422
0.84083044982699 0.858131487889273 0.878892733564014 0.896193771626298 0.899653979238754 0.896193771626298 0.896193771626298 0.896193771626298 0.899653979238754 0.903114186851211 0.903114186851211 0.896193771626298 0.896193771626298 0.882352941176471 0.868512110726644 0.86159169550173 0.844290657439446 0.823529411764706 0.792387543252595 0.775086505190311 0.73356401384083 0.70242214532872 0.695501730103806 0.678200692041522 0.660899653979239 0.643598615916955 0.619377162629758 0.591695501730104 0.57439446366782 0.560553633217993 0.557093425605536 0.56401384083045 0.570934256055363 0.591695501730104 0.626297577854671 0.660899653979239 0.674740484429066 0.705882352941177 0.730103806228374 0.726643598615917 0.730103806228374 0.73356401384083 0.740484429065744 0.754325259515571
0.820069204152249 0.84083044982699 0.865051903114187 0.885813148788927 0.892733564013841 0.892733564013841 0.892733564013841 0.892733564013841 0.899653979238754 0.903114186851211 0.903114186851211 0.896193771626298 0.896193771626298 0.878892733564014 0.865051903114187 0.854671280276817 0.837370242214533 0.816608996539792 0.782006920415225 0.761245674740484 0.716262975778547 0.681660899653979 0.671280276816609 0.653979238754325 0.633217993079585 0.612456747404844 0.58477508650519 0.55363321799308 0.532871972318339 0.519031141868512 0.515570934256055 0.519031141868512 0.525951557093426 0.543252595155709 0.57439446366782 0.608996539792388 0.622837370242215 0.653979238754325 0.678200692041522 0.674740484429066 0.674740484429066 0.678200692041522 0.685121107266436 0.698961937716263
0.792387543252595 0.816608996539792 0.84083044982699 0.865051903114187 0.875432525951557 0.878892733564014 0.882352941176471 0.882352941176471 0.892733564013841 0.899653979238754 0.903114186851211 0.896193771626298 0.896193771626298 0.878892733564014 0.865051903114187 0.85121107266436 0.830449826989619 0.809688581314879 0.771626297577855 0.747404844290657 0.698961937716263 0.660899653979239 0.647058823529412 0.626297577854671 0.602076124567474 0.577854671280277 0.546712802768166 0.512110726643599 0.487889273356401 0.470588235294118 0.463667820069204 0.463667820069204 0.474048442906574 0.491349480968858 0.519031141868512 0.55363321799308 0.567474048442907 0.598615916955017 0.622837370242215 0.622837370242215 0.626297577854671 0.633217993079585 0.643598615916955 0.657439446366782
0.764705882352941 0.792387543252595 0.816608996539792 0.84083044982699 0.85121107266436 0.858131487889273 0.865051903114187 0.868512110726644 0.878892733564014 0.889273356401384 0.892733564013841 0.889273356401384 0.889273356401384 0.875432525951557 0.86159169550173 0.844290657439446 0.823529411764706 0.799307958477509 0.757785467128028 0.730103806228374 0.678200692041522 0.640138408304498 0.622837370242215 0.598615916955017 0.570934256055363 0.546712802768166 0.515570934256055 0.480968858131488 0.456747404844291 0.43598615916955 0.429065743944637 0.429065743944637 0.439446366782007 0.453287197231834 0.480968858131488 0.515570934256055 0.529411764705882 0.560553633217993 0.581314878892734 0.581314878892734 0.588235294117647 0.598615916955017 0.608996539792388 0.619377162629758
0.743944636678201 0.771626297577855 0.799307958477509 0.826989619377163 0.84083044982699 0.85121107266436 0.858131487889273 0.86159169550173 0.868512110726644 0.878892733564014 0.878892733564014 0.875432525951557 0.875432525951557 0.865051903114187 0.85121107266436 0.837370242214533 0.813148788927336 0.788927335640138 0.743944636678201 0.71280276816609 0.664359861591695 0.626297577854671 0.605536332179931 0.581314878892734 0.550173010380623 0.525951557093426 0.494809688581315 0.463667820069204 0.43598615916955 0.411764705882353 0.401384083044983 0.404844290657439 0.408304498269896 0.42560553633218 0.453287197231834 0.487889273356401 0.501730103806228 0.525951557093426 0.543252595155709 0.546712802768166 0.557093425605536 0.567474048442907 0.577854671280277 0.58477508650519
