Maxent_test_maps/Proportion/hab_5.asc
NCOLS 385 
NROWS 303 
XLLCORNER 268220.725019301 
YLLCORNER 743137.81817112 
CELLSIZE 114 
NODATA_value -9999 
[rows 126 to 146 of 303, columns 184 to 229 of 385]
0.0484429065743945 0.0484429065743945 0.0484429065743945 0.041522491349481 0.041522491349481 0.0346020761245675 0.0242214532871972 0.0242214532871972 0.0242214532871972 0.0242214532871972 0.0242214532871972 0.0173010380622837 0.0173010380622837 0.013840830449827 0.013840830449827 0.013840830449827 0.0103806228373702 0.0103806228373702 0.0103806228373702 0.0103806228373702 0.0103806228373702 0.00346020761245675 0.00346020761245675 0.00346020761245675 0 0 0 0 0 0 0 0 0 0 0 0 0 0 0 0 0 0 0 0 0 0
0.0449826989619377 0.0449826989619377 0.0449826989619377 0.0380622837370242 0.0380622837370242 0.0311418685121107 0.0207612456747405 0.0173010380622837 0.0173010380622837 0.0173010380622837 0.0173010380622837 0.013840830449827 0.013840830449827 0.0103806228373702 0.0103806228373702 0.0103806228373702 0.0069204152249135 0.0069204152249135 0.0069204152249135 0.0103806228373702 0.0103806228373702 0.00346020761245675 0.00346020761245675 0.00346020761245675 0.00346020761245675 0.00346020761245675 0.00346020761245675 0.00346020761245675 0.00346020761245675 0.00346020761245675 0.00346020761245675 0.00346020761245675 0.00346020761245675 0.00346020761245675 0.00346020761245675 0.00346020761245675 0 0 0 0 0 0 0 0 0 0
0.041522491349481 0.041522491349481 0.041522491349481 0.0346020761245675 0.0346020761245675 0.027681660899654 0.0173010380622837 0.013840830449827 0.013840830449827 0.013840830449827 0.013840830449827 0.013840830449827 0.013840830449827 0.0103806228373702 0.0103806228373702 0.0103806228373702 0.0069204152249135 0.0103806228373702 0.013840830449827 0.0207612456747405 0.0207612456747405 0.013840830449827 0.013840830449827 0.013840830449827 0.013840830449827 0.013840830449827 0.013840830449827 0.013840830449827 0.013840830449827 0.013840830449827 0.013840830449827 0.013840830449827 0.013840830449827 0.013840830449827 0.0103806228373702 0.0069204152249135 0 0 0 0 0 0 0 0 0 0
0.041522491349481 0.041522491349481 0.041522491349481 0.0346020761245675 0.0346020761245675 0.027681660899654 0.0173010380622837 0.013840830449827 0.013840830449827 0.013840830449827 0.013840830449827 0.013840830449827 0.013840830449827 0.0103806228373702 0.0103806228373702 0.0103806228373702 0.0103806228373702 0.0173010380622837 0.0242214532871972 0.0346020761245675 0.0346020761245675 0.027681660899654 0.027681660899654 0.027681660899654 0.027681660899654 0.027681660899654 0.027681660899654 0.027681660899654 0.027681660899654 0.027681660899654 0.027681660899654 0.027681660899654 0.027681660899654 0.0242214532871972 0.0173010380622837 0.0103806228373702 0 0 0 0 0 0 0 0 0 0
0.0380622837370242 0.0380622837370242 0.0380622837370242 0.0311418685121107 0.0311418685121107 0.0242214532871972 0.013840830449827 0.0103806228373702 0.0103806228373702 0.0103806228373702 0.0103806228373702 0.0103806228373702 0.0103806228373702 0.013840830449827 0.013840830449827 0.0173010380622837 0.0207612456747405 0.0311418685121107 0.041522491349481 0.055363321799308 0.0588235294117647 0.055363321799308 0.055363321799308 0.055363321799308 0.055363321799308 0.055363321799308 0.055363321799308 0.055363321799308 0.055363321799308 0.055363321799308 0.0519031141868512 0.0519031141868512 0.0484429065743945 0.041522491349481 0.0311418685121107 0.0207612456747405 0.0069204152249135 0.00346020761245675 0 0 0 0 0 0 0 0
0.0380622837370242 0.0380622837370242 0.0380622837370242 0.0311418685121107 0.0311418685121107 0.0242214532871972 0.013840830449827 0.0103806228373702 0.0103806228373702 0.0103806228373702 0.0103806228373702 0.0103806228373702 0.0103806228373702 0.0173010380622837 0.0173010380622837 0.0242214532871972 0.0311418685121107 0.0449826989619377 0.0588235294117647 0.0761245674740484 0.0830449826989619 0.0795847750865052 0.0795847750865052 0.0795847750865052 0.0795847750865052 0.0795847750865052 0.0795847750865052 0.0795847750865052 0.0795847750865052 0.0795847750865052 0.0726643598615917 0.0726643598615917 0.0657439446366782 0.055363321799308 0.041522491349481 0.027681660899654 0.0103806228373702 0.00346020761245675 0 0 0 0 0 0 0 0
0.0380622837370242 0.0380622837370242 0.0380622837370242 0.0311418685121107 0.0311418685121107 0.0242214532871972 0.013840830449827 0.0103806228373702 0.0103806228373702 0.0103806228373702 0.0103806228373702 0.0103806228373702 0.0103806228373702 0.0173010380622837 0.0173010380622837 0.027681660899654 0.0380622837370242 0.055363321799308 0.0726643598615917 0.0934256055363322 0.100346020761246 0.0968858131487889 0.0968858131487889 0.0968858131487889 0.0968858131487889 0.0968858131487889 0.0968858131487889 0.0968858131487889 0.0968858131487889 0.0968858131487889 0.0899653979238754 0.0899653979238754 0.0795847750865052 0.0657439446366782 0.0484429065743945 0.0311418685121107 0.0103806228373702 0.00346020761245675 0 0 0 0 0 0 0 0
0.041522491349481 0.041522491349481 0.041522491349481 0.0346020761245675 0.0346020761245675 0.027681660899654 0.0173010380622837 0.013840830449827 0.013840830449827 0.013840830449827 0.013840830449827 0.013840830449827 0.0103806228373702 0.013840830449827 0.013840830449827 0.027681660899654 0.0449826989619377 0.0657439446366782 0.0865051903114187 0.110726643598616 0.117647058823529 0.114186851211073 0.114186851211073 0.114186851211073 0.114186851211073 0.114186851211073 0.114186851211073 0.114186851211073 0.114186851211073 0.114186851211073 0.107266435986159 0.107266435986159 0.0934256055363322 0.0761245674740484 0.055363321799308 0.0346020761245675 0.0103806228373702 0.00346020761245675 0 0 0 0 0 0 0 0
0.041522491349481 0.041522491349481 0.041522491349481 0.0380622837370242 0.041522491349481 0.0346020761245675 0.0242214532871972 0.0207612456747405 0.0207612456747405 0.0207612456747405 0.0207612456747405 0.0207612456747405 0.0173010380622837 0.0207612456747405 0.0207612456747405 0.0346020761245675 0.055363321799308 0.0795847750865052 0.103806228373702 0.1280276816609 0.134948096885813 0.131487889273356 0.131487889273356 0.131487889273356 0.131487889273356 0.131487889273356 0.131487889273356 0.131487889273356 0.131487889273356 0.131487889273356 0.124567474048443 0.121107266435986 0.103806228373702 0.0830449826989619 0.0588235294117647 0.0346020761245675 0.0103806228373702 0.00346020761245675 0 0 0 0 0 0 0 0
0.0346020761245675 0.0346020761245675 0.0346020761245675 0.0346020761245675 0.041522491349481 0.0380622837370242 0.0311418685121107 0.027681660899654 0.0311418685121107 0.0311418685121107 0.0311418685121107 0.0311418685121107 0.027681660899654 0.0311418685121107 0.0311418685121107 0.0484429065743945 0.069204152249135 0.0968858131487889 0.124567474048443 0.152249134948097 0.162629757785467 0.15916955017301 0.15916955017301 0.15916955017301 0.15916955017301 0.155709342560554 0.155709342560554 0.155709342560554 0.155709342560554 0.155709342560554 0.14878892733564 0.141868512110727 0.121107266435986 0.0968858131487889 0.069204152249135 0.041522491349481 0.013840830449827 0.00346020761245675 0 0 0 0 0 0 0 0
0.0311418685121107 0.0311418685121107 0.0311418685121107 0.0346020761245675 0.041522491349481 0.041522491349481 0.0380622837370242 0.0380622837370242 0.0449826989619377 0.0449826989619377 0.041522491349481 0.041522491349481 0.0346020761245675 0.0380622837370242 0.041522491349481 0.0622837370242214 0.0865051903114187 0.117647058823529 0.14878892733564 0.179930795847751 0.190311418685121 0.190311418685121 0.190311418685121 0.190311418685121 0.190311418685121 0.183391003460208 0.183391003460208 0.183391003460208 0.183391003460208 0.183391003460208 0.176470588235294 0.166089965397924 0.141868512110727 0.114186851211073 0.0830449826989619 0.0519031141868512 0.0207612456747405 0.0069204152249135 0 0 0 0 0 0 0 0
0.027681660899654 0.027681660899654 0.027681660899654 0.0346020761245675 0.0380622837370242 0.0380622837370242 0.0380622837370242 0.041522491349481 0.0519031141868512 0.0519031141868512 0.0484429065743945 0.0519031141868512 0.0449826989619377 0.0484429065743945 0.055363321799308 0.0795847750865052 0.107266435986159 0.141868512110727 0.176470588235294 0.211072664359862 0.221453287197232 0.228373702422145 0.231833910034602 0.231833910034602 0.228373702422145 0.217993079584775 0.217993079584775 0.217993079584775 0.214532871972318 0.214532871972318 0.207612456747405 0.193771626297578 0.166089965397924 0.134948096885813 0.100346020761246 0.0657439446366782 0.0311418685121107 0.013840830449827 0.00346020761245675 0 0 0 0 0 0 0
0.0346020761245675 0.0346020761245675 0.0346020761245675 0.041522491349481 0.0449826989619377 0.0449826989619377 0.041522491349481 0.0484429065743945 0.0588235294117647 0.0622837370242214 0.0588235294117647 0.0657439446366782 0.0588235294117647 0.0657439446366782 0.0761245674740484 0.103806228373702 0.134948096885813 0.173010380622837 0.211072664359862 0.249134948096886 0.262975778546713 0.273356401384083 0.27681660899654 0.27681660899654 0.269896193771626 0.256055363321799 0.252595155709343 0.252595155709343 0.245674740484429 0.245674740484429 0.235294117647059 0.217993079584775 0.186851211072664 0.152249134948097 0.114186851211073 0.0761245674740484 0.0380622837370242 0.0173010380622837 0.00346020761245675 0 0 0 0 0 0 0
0.041522491349481 0.041522491349481 0.041522491349481 0.0484429065743945 0.0519031141868512 0.0519031141868512 0.0449826989619377 0.0519031141868512 0.0588235294117647 0.0622837370242214 0.0588235294117647 0.0657439446366782 0.0588235294117647 0.0657439446366782 0.0761245674740484 0.103806228373702 0.134948096885813 0.176470588235294 0.214532871972318 0.252595155709343 0.269896193771626 0.283737024221453 0.290657439446367 0.294117647058824 0.290657439446367 0.280276816608997 0.280276816608997 0.283737024221453 0.27681660899654 0.27681660899654 0.26643598615917 0.249134948096886 0.217993079584775 0.183391003460208 0.141868512110727 0.103806228373702 0.0657439446366782 0.041522491349481 0.0242214532871972 0.0173010380622837 0.013840830449827 0.0103806228373702 0.0069204152249135 0.00346020761245675 0 0
0.0519031141868512 0.055363321799308 0.0588235294117647 0.0657439446366782 0.0657439446366782 0.0622837370242214 0.055363321799308 0.0588235294117647 0.0657439446366782 0.069204152249135 0.0657439446366782 0.0726643598615917 0.0657439446366782 0.0726643598615917 0.0830449826989619 0.110726643598616 0.141868512110727 0.183391003460208 0.221453287197232 0.259515570934256 0.27681660899654 0.290657439446367 0.301038062283737 0.307958477508651 0.307958477508651 0.301038062283737 0.304498269896194 0.311418685121107 0.304498269896194 0.304498269896194 0.294117647058824 0.27681660899654 0.245674740484429 0.211072664359862 0.169550173010381 0.1280276816609 0.0899653979238754 0.0657439446366782 0.0484429065743945 0.0380622837370242 0.0311418685121107 0.0242214532871972 0.0173010380622837 0.0103806228373702 0.00346020761245675 0.00346020761245675
0.0519031141868512 0.055363321799308 0.0622837370242214 0.0726643598615917 0.069204152249135 0.0657439446366782 0.0588235294117647 0.0622837370242214 0.069204152249135 0.0726643598615917 0.069204152249135 0.0761245674740484 0.069204152249135 0.0761245674740484 0.0865051903114187 0.114186851211073 0.145328719723183 0.186851211072664 0.228373702422145 0.26643598615917 0.283737024221453 0.304498269896194 0.318339100346021 0.328719723183391 0.332179930795848 0.328719723183391 0.335640138408304 0.346020761245675 0.342560553633218 0.342560553633218 0.332179930795848 0.314878892733564 0.283737024221453 0.249134948096886 0.207612456747405 0.166089965397924 0.124567474048443 0.0968858131487889 0.0761245674740484 0.0622837370242214 0.0519031141868512 0.041522491349481 0.0311418685121107 0.0207612456747405 0.0103806228373702 0.0069204152249135
0.055363321799308 0.0588235294117647 0.069204152249135 0.0830449826989619 0.0830449826989619 0.0795847750865052 0.0726643598615917 0.0795847750865052 0.0865051903114187 0.0899653979238754 0.0865051903114187 0.0934256055363322 0.0865051903114187 0.0934256055363322 0.103806228373702 0.131487889273356 0.162629757785467 0.204152249134948 0.245674740484429 0.283737024221453 0.301038062283737 0.318339100346021 0.332179930795848 0.342560553633218 0.342560553633218 0.342560553633218 0.352941176470588 0.366782006920415 0.366782006920415 0.366782006920415 0.356401384083045 0.339100346020761 0.307958477508651 0.273356401384083 0.231833910034602 0.190311418685121 0.145328719723183 0.114186851211073 0.0934256055363322 0.0795847750865052 0.069204152249135 0.0588235294117647 0.0449826989619377 0.0311418685121107 0.0173010380622837 0.0103806228373702
0.055363321799308 0.0588235294117647 0.069204152249135 0.0865051903114187 0.0865051903114187 0.0865051903114187 0.0830449826989619 0.0934256055363322 0.103806228373702 0.107266435986159 0.103806228373702 0.110726643598616 0.103806228373702 0.110726643598616 0.121107266435986 0.14878892733564 0.179930795847751 0.221453287197232 0.262975778546713 0.304498269896194 0.321799307958477 0.339100346020761 0.349480968858132 0.359861591695502 0.359861591695502 0.359861591695502 0.373702422145329 0.387543252595156 0.391003460207612 0.391003460207612 0.380622837370242 0.363321799307958 0.332179930795848 0.29757785467128 0.256055363321799 0.214532871972318 0.169550173010381 0.134948096885813 0.114186851211073 0.100346020761246 0.0865051903114187 0.0726643598615917 0.055363321799308 0.0380622837370242 0.0242214532871972 0.013840830449827
0.055363321799308 0.0622837370242214 0.0726643598615917 0.0899653979238754 0.0934256055363322 0.0968858131487889 0.0968858131487889 0.110726643598616 0.124567474048443 0.1280276816609 0.124567474048443 0.131487889273356 0.124567474048443 0.131487889273356 0.141868512110727 0.169550173010381 0.200692041522491 0.242214532871972 0.283737024221453 0.321799307958477 0.342560553633218 0.356401384083045 0.363321799307958 0.370242214532872 0.370242214532872 0.370242214532872 0.387543252595156 0.404844290657439 0.411764705882353 0.41522491349481 0.408304498269896 0.391003460207612 0.359861591695502 0.325259515570934 0.283737024221453 0.238754325259516 0.197231833910035 0.15916955017301 0.13840830449827 0.124567474048443 0.110726643598616 0.0934256055363322 0.0726643598615917 0.0519031141868512 0.0346020761245675 0.0207612456747405
0.055363321799308 0.0622837370242214 0.0726643598615917 0.0899653979238754 0.0968858131487889 0.100346020761246 0.103806228373702 0.117647058823529 0.134948096885813 0.13840830449827 0.134948096885813 0.141868512110727 0.134948096885813 0.141868512110727 0.152249134948097 0.179930795847751 0.211072664359862 0.249134948096886 0.290657439446367 0.328719723183391 0.349480968858132 0.363321799307958 0.373702422145329 0.377162629757785 0.380622837370242 0.380622837370242 0.401384083044983 0.422145328719723 0.429065743944637 0.432525951557093 0.429065743944637 0.411764705882353 0.380622837370242 0.346020761245675 0.307958477508651 0.262975778546713 0.224913494809689 0.186851211072664 0.162629757785467 0.145328719723183 0.131487889273356 0.110726643598616 0.0865051903114187 0.0657439446366782 0.0449826989619377 0.0311418685121107
0.055363321799308 0.0622837370242214 0.0726643598615917 0.0899653979238754 0.0968858131487889 0.103806228373702 0.110726643598616 0.1280276816609 0.145328719723183 0.14878892733564 0.145328719723183 0.152249134948097 0.145328719723183 0.152249134948097 0.162629757785467 0.190311418685121 0.217993079584775 0.252595155709343 0.294117647058824 0.332179930795848 0.356401384083045 0.373702422145329 0.384083044982699 0.387543252595156 0.391003460207612 0.394463667820069 0.418685121107266 0.442906574394464 0.453287197231834 0.460207612456747 0.460207612456747 0.442906574394464 0.41522491349481 0.387543252595156 0.356401384083045 0.314878892733564 0.27681660899654 0.235294117647059 0.207612456747405 0.186851211072664 0.169550173010381 0.14878892733564 0.121107266435986 0.0968858131487889 0.0726643598615917 0.055363321799308
