Maxent_test_maps/Proportion/hab_2.asc
NCOLS 385 
NROWS 303 
XLLCORNER 268220.725019301 
YLLCORNER 743137.81817112 
CELLSIZE 114 
NODATA_value -9999 
[rows 100 to 119 of 303, columns 135 to 179 of 385]
0.380622837370242 0.384083044982699 0.394463667820069 0.401384083044983 0.41522491349481 0.422145328719723 0.418685121107266 0.422145328719723 0.41522491349481 0.401384083044983 0.411764705882353 0.42560553633218 0.456747404844291 0.484429065743945 0.508650519031142 0.536332179930796 0.55363321799308 0.560553633217993 0.570934256055363 0.591695501730104 0.615916955017301 0.647058823529412 0.667820069204152 0.678200692041522 0.692041522491349 0.692041522491349 0.709342560553633 0.71280276816609 0.730103806228374 0.740484429065744 0.743944636678201 0.747404844290657 0.761245674740484 0.764705882352941 0.775086505190311 0.788927335640138 0.785467128027682 0.764705882352941 0.737024221453287 0.709342560553633 0.71280276816609 0.709342560553633 0.719723183391003 0.71280276816609 0.71280276816609
0.401384083044983 0.411764705882353 0.42560553633218 0.43598615916955 0.453287197231834 0.460207612456747 0.456747404844291 0.463667820069204 0.456747404844291 0.439446366782007 0.44636678200692 0.456747404844291 0.484429065743945 0.508650519031142 0.536332179930796 0.567474048442907 0.58477508650519 0.588235294117647 0.591695501730104 0.605536332179931 0.622837370242215 0.650519031141868 0.671280276816609 0.681660899653979 0.692041522491349 0.692041522491349 0.709342560553633 0.716262975778547 0.73356401384083 0.743944636678201 0.747404844290657 0.747404844290657 0.757785467128028 0.757785467128028 0.768166089965398 0.785467128027682 0.785467128027682 0.768166089965398 0.740484429065744 0.716262975778547 0.719723183391003 0.716262975778547 0.730103806228374 0.726643598615917 0.726643598615917
0.41522491349481 0.429065743944637 0.442906574394464 0.453287197231834 0.470588235294118 0.477508650519031 0.474048442906574 0.477508650519031 0.470588235294118 0.453287197231834 0.460207612456747 0.470588235294118 0.494809688581315 0.512110726643599 0.539792387543253 0.570934256055363 0.591695501730104 0.595155709342561 0.591695501730104 0.602076124567474 0.619377162629758 0.647058823529412 0.667820069204152 0.678200692041522 0.692041522491349 0.692041522491349 0.709342560553633 0.719723183391003 0.73356401384083 0.743944636678201 0.750865051903114 0.750865051903114 0.754325259515571 0.750865051903114 0.757785467128028 0.778546712802768 0.782006920415225 0.764705882352941 0.740484429065744 0.719723183391003 0.726643598615917 0.726643598615917 0.743944636678201 0.743944636678201 0.743944636678201
0.41522491349481 0.429065743944637 0.442906574394464 0.453287197231834 0.470588235294118 0.477508650519031 0.474048442906574 0.474048442906574 0.467128027681661 0.449826989619377 0.456747404844291 0.467128027681661 0.487889273356401 0.501730103806228 0.525951557093426 0.557093425605536 0.577854671280277 0.58477508650519 0.581314878892734 0.588235294117647 0.605536332179931 0.633217993079585 0.653979238754325 0.664359861591695 0.681660899653979 0.685121107266436 0.705882352941177 0.719723183391003 0.73356401384083 0.747404844290657 0.757785467128028 0.761245674740484 0.764705882352941 0.761245674740484 0.764705882352941 0.785467128027682 0.792387543252595 0.778546712802768 0.757785467128028 0.740484429065744 0.750865051903114 0.754325259515571 0.771626297577855 0.771626297577855 0.771626297577855
0.41522491349481 0.429065743944637 0.439446366782007 0.449826989619377 0.467128027681661 0.474048442906574 0.470588235294118 0.470588235294118 0.463667820069204 0.44636678200692 0.453287197231834 0.460207612456747 0.477508650519031 0.487889273356401 0.508650519031142 0.536332179930796 0.557093425605536 0.567474048442907 0.567474048442907 0.577854671280277 0.595155709342561 0.619377162629758 0.636678200692042 0.647058823529412 0.664359861591695 0.667820069204152 0.688581314878893 0.705882352941177 0.72318339100346 0.740484429065744 0.754325259515571 0.764705882352941 0.775086505190311 0.771626297577855 0.771626297577855 0.788927335640138 0.799307958477509 0.788927335640138 0.775086505190311 0.764705882352941 0.778546712802768 0.782006920415225 0.802768166089965 0.806228373702422 0.806228373702422
0.41522491349481 0.429065743944637 0.439446366782007 0.449826989619377 0.467128027681661 0.474048442906574 0.470588235294118 0.470588235294118 0.463667820069204 0.44636678200692 0.449826989619377 0.453287197231834 0.467128027681661 0.474048442906574 0.491349480968858 0.515570934256055 0.532871972318339 0.539792387543253 0.539792387543253 0.550173010380623 0.56401384083045 0.58477508650519 0.602076124567474 0.612456747404844 0.626297577854671 0.629757785467128 0.650519031141868 0.674740484429066 0.698961937716263 0.72318339100346 0.743944636678201 0.757785467128028 0.771626297577855 0.771626297577855 0.771626297577855 0.785467128027682 0.795847750865052 0.792387543252595 0.785467128027682 0.778546712802768 0.792387543252595 0.799307958477509 0.820069204152249 0.823529411764706 0.820069204152249
0.41522491349481 0.429065743944637 0.439446366782007 0.449826989619377 0.463667820069204 0.467128027681661 0.460207612456747 0.456747404844291 0.449826989619377 0.429065743944637 0.429065743944637 0.429065743944637 0.439446366782007 0.442906574394464 0.456747404844291 0.477508650519031 0.494809688581315 0.498269896193772 0.498269896193772 0.505190311418685 0.515570934256055 0.536332179930796 0.55363321799308 0.567474048442907 0.58477508650519 0.591695501730104 0.615916955017301 0.643598615916955 0.667820069204152 0.695501730103806 0.719723183391003 0.737024221453287 0.754325259515571 0.754325259515571 0.757785467128028 0.771626297577855 0.785467128027682 0.785467128027682 0.785467128027682 0.785467128027682 0.802768166089965 0.809688581314879 0.826989619377163 0.830449826989619 0.826989619377163
0.397923875432526 0.411764705882353 0.422145328719723 0.432525951557093 0.44636678200692 0.44636678200692 0.439446366782007 0.43598615916955 0.429065743944637 0.411764705882353 0.411764705882353 0.411764705882353 0.418685121107266 0.418685121107266 0.429065743944637 0.44636678200692 0.463667820069204 0.467128027681661 0.467128027681661 0.470588235294118 0.477508650519031 0.494809688581315 0.512110726643599 0.525951557093426 0.543252595155709 0.55363321799308 0.57439446366782 0.602076124567474 0.622837370242215 0.650519031141868 0.674740484429066 0.695501730103806 0.716262975778547 0.719723183391003 0.72318339100346 0.737024221453287 0.754325259515571 0.761245674740484 0.768166089965398 0.771626297577855 0.795847750865052 0.809688581314879 0.826989619377163 0.833910034602076 0.837370242214533
0.380622837370242 0.397923875432526 0.408304498269896 0.418685121107266 0.432525951557093 0.429065743944637 0.422145328719723 0.422145328719723 0.41522491349481 0.401384083044983 0.397923875432526 0.397923875432526 0.401384083044983 0.397923875432526 0.404844290657439 0.418685121107266 0.432525951557093 0.43598615916955 0.432525951557093 0.432525951557093 0.43598615916955 0.449826989619377 0.467128027681661 0.484429065743945 0.498269896193772 0.512110726643599 0.536332179930796 0.570934256055363 0.591695501730104 0.622837370242215 0.647058823529412 0.667820069204152 0.688581314878893 0.692041522491349 0.695501730103806 0.71280276816609 0.73356401384083 0.747404844290657 0.754325259515571 0.761245674740484 0.785467128027682 0.802768166089965 0.820069204152249 0.826989619377163 0.826989619377163
0.349480968858132 0.366782006920415 0.380622837370242 0.391003460207612 0.401384083044983 0.394463667820069 0.387543252595156 0.387543252595156 0.380622837370242 0.366782006920415 0.363321799307958 0.363321799307958 0.363321799307958 0.356401384083045 0.359861591695502 0.373702422145329 0.384083044982699 0.387543252595156 0.384083044982699 0.380622837370242 0.384083044982699 0.397923875432526 0.418685121107266 0.439446366782007 0.456747404844291 0.474048442906574 0.501730103806228 0.539792387543253 0.56401384083045 0.598615916955017 0.626297577854671 0.650519031141868 0.667820069204152 0.674740484429066 0.674740484429066 0.695501730103806 0.719723183391003 0.73356401384083 0.740484429065744 0.747404844290657 0.771626297577855 0.785467128027682 0.802768166089965 0.809688581314879 0.809688581314879
0.321799307958477 0.335640138408304 0.346020761245675 0.352941176470588 0.359861591695502 0.352941176470588 0.346020761245675 0.346020761245675 0.339100346020761 0.325259515570934 0.321799307958477 0.318339100346021 0.314878892733564 0.304498269896194 0.311418685121107 0.325259515570934 0.332179930795848 0.335640138408304 0.332179930795848 0.332179930795848 0.335640138408304 0.349480968858132 0.370242214532872 0.394463667820069 0.41522491349481 0.43598615916955 0.463667820069204 0.501730103806228 0.529411764705882 0.56401384083045 0.595155709342561 0.619377162629758 0.636678200692042 0.647058823529412 0.650519031141868 0.674740484429066 0.698961937716263 0.716262975778547 0.726643598615917 0.737024221453287 0.761245674740484 0.771626297577855 0.788927335640138 0.795847750865052 0.795847750865052
0.28719723183391 0.301038062283737 0.307958477508651 0.311418685121107 0.318339100346021 0.314878892733564 0.307958477508651 0.307958477508651 0.301038062283737 0.290657439446367 0.28719723183391 0.280276816608997 0.273356401384083 0.262975778546713 0.269896193771626 0.280276816608997 0.283737024221453 0.28719723183391 0.283737024221453 0.283737024221453 0.28719723183391 0.301038062283737 0.318339100346021 0.342560553633218 0.366782006920415 0.391003460207612 0.41522491349481 0.449826989619377 0.477508650519031 0.512110726643599 0.543252595155709 0.570934256055363 0.591695501730104 0.605536332179931 0.612456747404844 0.640138408304498 0.671280276816609 0.692041522491349 0.705882352941177 0.719723183391003 0.747404844290657 0.757785467128028 0.775086505190311 0.785467128027682 0.788927335640138
0.249134948096886 0.262975778546713 0.269896193771626 0.273356401384083 0.280276816608997 0.27681660899654 0.269896193771626 0.273356401384083 0.269896193771626 0.256055363321799 0.249134948096886 0.238754325259516 0.228373702422145 0.214532871972318 0.221453287197232 0.228373702422145 0.231833910034602 0.235294117647059 0.231833910034602 0.231833910034602 0.235294117647059 0.249134948096886 0.269896193771626 0.29757785467128 0.318339100346021 0.339100346020761 0.363321799307958 0.397923875432526 0.42560553633218 0.460207612456747 0.494809688581315 0.525951557093426 0.550173010380623 0.567474048442907 0.581314878892734 0.612456747404844 0.647058823529412 0.674740484429066 0.695501730103806 0.71280276816609 0.737024221453287 0.747404844290657 0.771626297577855 0.788927335640138 0.792387543252595
0.204152249134948 0.217993079584775 0.224913494809689 0.228373702422145 0.235294117647059 0.231833910034602 0.224913494809689 0.228373702422145 0.228373702422145 0.214532871972318 0.204152249134948 0.193771626297578 0.179930795847751 0.166089965397924 0.169550173010381 0.173010380622837 0.176470588235294 0.179930795847751 0.176470588235294 0.176470588235294 0.179930795847751 0.193771626297578 0.217993079584775 0.245674740484429 0.26643598615917 0.28719723183391 0.311418685121107 0.346020761245675 0.373702422145329 0.408304498269896 0.449826989619377 0.487889273356401 0.515570934256055 0.539792387543253 0.560553633217993 0.595155709342561 0.633217993079585 0.664359861591695 0.688581314878893 0.705882352941177 0.73356401384083 0.750865051903114 0.775086505190311 0.799307958477509 0.806228373702422
0.152249134948097 0.166089965397924 0.176470588235294 0.183391003460208 0.190311418685121 0.190311418685121 0.186851211072664 0.193771626297578 0.193771626297578 0.183391003460208 0.169550173010381 0.15916955017301 0.145328719723183 0.131487889273356 0.134948096885813 0.13840830449827 0.141868512110727 0.145328719723183 0.141868512110727 0.13840830449827 0.13840830449827 0.14878892733564 0.169550173010381 0.193771626297578 0.211072664359862 0.231833910034602 0.256055363321799 0.290657439446367 0.321799307958477 0.356401384083045 0.397923875432526 0.439446366782007 0.467128027681661 0.498269896193772 0.525951557093426 0.56401384083045 0.605536332179931 0.643598615916955 0.671280276816609 0.692041522491349 0.72318339100346 0.740484429065744 0.764705882352941 0.785467128027682 0.792387543252595
0.103806228373702 0.117647058823529 0.124567474048443 0.131487889273356 0.13840830449827 0.141868512110727 0.141868512110727 0.152249134948097 0.155709342560554 0.14878892733564 0.13840830449827 0.1280276816609 0.114186851211073 0.100346020761246 0.103806228373702 0.107266435986159 0.110726643598616 0.114186851211073 0.110726643598616 0.114186851211073 0.117647058823529 0.124567474048443 0.141868512110727 0.162629757785467 0.176470588235294 0.197231833910035 0.221453287197232 0.252595155709343 0.28719723183391 0.325259515570934 0.370242214532872 0.411764705882353 0.439446366782007 0.477508650519031 0.508650519031142 0.550173010380623 0.591695501730104 0.629757785467128 0.664359861591695 0.692041522491349 0.72318339100346 0.743944636678201 0.768166089965398 0.788927335640138 0.799307958477509
0.0726643598615917 0.0830449826989619 0.0865051903114187 0.0899653979238754 0.0934256055363322 0.0968858131487889 0.0968858131487889 0.107266435986159 0.114186851211073 0.110726643598616 0.107266435986159 0.100346020761246 0.0899653979238754 0.0795847750865052 0.0830449826989619 0.0865051903114187 0.0934256055363322 0.100346020761246 0.0968858131487889 0.107266435986159 0.117647058823529 0.1280276816609 0.145328719723183 0.169550173010381 0.179930795847751 0.200692041522491 0.221453287197232 0.245674740484429 0.27681660899654 0.311418685121107 0.356401384083045 0.394463667820069 0.42560553633218 0.463667820069204 0.494809688581315 0.536332179930796 0.57439446366782 0.612456747404844 0.650519031141868 0.681660899653979 0.709342560553633 0.73356401384083 0.754325259515571 0.778546712802768 0.792387543252595
0.0380622837370242 0.0449826989619377 0.0484429065743945 0.055363321799308 0.0622837370242214 0.0622837370242214 0.0622837370242214 0.0726643598615917 0.0795847750865052 0.0795847750865052 0.0795847750865052 0.0761245674740484 0.069204152249135 0.0622837370242214 0.069204152249135 0.0761245674740484 0.0865051903114187 0.0968858131487889 0.0968858131487889 0.114186851211073 0.124567474048443 0.131487889273356 0.152249134948097 0.176470588235294 0.186851211072664 0.204152249134948 0.221453287197232 0.242214532871972 0.269896193771626 0.304498269896194 0.349480968858132 0.387543252595156 0.418685121107266 0.456747404844291 0.484429065743945 0.522491349480969 0.55363321799308 0.588235294117647 0.626297577854671 0.660899653979239 0.688581314878893 0.71280276816609 0.73356401384083 0.757785467128028 0.771626297577855
0.0173010380622837 0.0207612456747405 0.0207612456747405 0.027681660899654 0.0346020761245675 0.0380622837370242 0.041522491349481 0.0519031141868512 0.0622837370242214 0.069204152249135 0.0761245674740484 0.0726643598615917 0.069204152249135 0.0657439446366782 0.069204152249135 0.0761245674740484 0.0865051903114187 0.0968858131487889 0.103806228373702 0.1280276816609 0.141868512110727 0.14878892733564 0.166089965397924 0.186851211072664 0.197231833910035 0.207612456747405 0.221453287197232 0.238754325259516 0.26643598615917 0.301038062283737 0.342560553633218 0.384083044982699 0.41522491349481 0.453287197231834 0.480968858131488 0.512110726643599 0.536332179930796 0.56401384083045 0.598615916955017 0.633217993079585 0.660899653979239 0.685121107266436 0.709342560553633 0.730103806228374 0.743944636678201
0.00346020761245675 0.00346020761245675 0.00346020761245675 0.0103806228373702 0.0207612456747405 0.027681660899654 0.0346020761245675 0.0484429065743945 0.0622837370242214 0.0726643598615917 0.0830449826989619 0.0830449826989619 0.0865051903114187 0.0899653979238754 0.0934256055363322 0.103806228373702 0.114186851211073 0.1280276816609 0.141868512110727 0.169550173010381 0.183391003460208 0.186851211072664 0.200692041522491 0.217993079584775 0.224913494809689 0.228373702422145 0.238754325259516 0.249134948096886 0.273356401384083 0.301038062283737 0.339100346020761 0.377162629757785 0.408304498269896 0.442906574394464 0.467128027681661 0.491349480968858 0.508650519031142 0.532871972318339 0.56401384083045 0.595155709342561 0.619377162629758 0.643598615916955 0.671280276816609 0.688581314878893 0.70242214532872
