Maxent_test_maps/Proportion/hab_3.asc
NCOLS 385 
NROWS 303 
XLLCORNER 268220.725019301 
YLLCORNER 743137.81817112 
CELLSIZE 114 
NODATA_value -9999 
[rows 120 to 139 of 303, columns 88 to 131 of 385]
0.335640138408304 0.328719723183391 0.325259515570934 0.314878892733564 0.311418685121107 0.318339100346021 0.314878892733564 0.314878892733564 0.318339100346021 0.332179930795848 0.352941176470588 0.377162629757785 0.387543252595156 0.397923875432526 0.404844290657439 0.41522491349481 0.41522491349481 0.429065743944637 0.449826989619377 0.470588235294118 0.501730103806228 0.529411764705882 0.55363321799308 0.598615916955017 0.629757785467128 0.657439446366782 0.681660899653979 0.692041522491349 0.709342560553633 0.740484429065744 0.768166089965398 0.802768166089965 0.830449826989619 0.8719723183391 0.903114186851211 0.927335640138408 0.951557093425606 0.965397923875433 0.982698961937716 0.98961937716263 0.986159169550173 0.982698961937716 0.97923875432526 0.975778546712803
0.27681660899654 0.269896193771626 0.269896193771626 0.262975778546713 0.262975778546713 0.273356401384083 0.273356401384083 0.273356401384083 0.27681660899654 0.290657439446367 0.311418685121107 0.339100346020761 0.352941176470588 0.370242214532872 0.380622837370242 0.394463667820069 0.397923875432526 0.41522491349481 0.439446366782007 0.460207612456747 0.491349480968858 0.519031141868512 0.543252595155709 0.588235294117647 0.622837370242215 0.653979238754325 0.681660899653979 0.695501730103806 0.71280276816609 0.743944636678201 0.768166089965398 0.802768166089965 0.826989619377163 0.868512110726644 0.899653979238754 0.923875432525952 0.944636678200692 0.955017301038062 0.972318339100346 0.97923875432526 0.975778546712803 0.972318339100346 0.965397923875433 0.961937716262976
0.221453287197232 0.217993079584775 0.221453287197232 0.217993079584775 0.221453287197232 0.238754325259516 0.238754325259516 0.238754325259516 0.242214532871972 0.256055363321799 0.27681660899654 0.304498269896194 0.325259515570934 0.346020761245675 0.359861591695502 0.377162629757785 0.384083044982699 0.401384083044983 0.42560553633218 0.44636678200692 0.477508650519031 0.505190311418685 0.525951557093426 0.57439446366782 0.612456747404844 0.647058823529412 0.678200692041522 0.695501730103806 0.716262975778547 0.743944636678201 0.768166089965398 0.799307958477509 0.820069204152249 0.86159169550173 0.892733564013841 0.916955017301038 0.937716262975779 0.948096885813149 0.965397923875433 0.972318339100346 0.968858131487889 0.965397923875433 0.958477508650519 0.955017301038062
0.173010380622837 0.173010380622837 0.179930795847751 0.179930795847751 0.186851211072664 0.204152249134948 0.207612456747405 0.204152249134948 0.204152249134948 0.217993079584775 0.238754325259516 0.26643598615917 0.290657439446367 0.314878892733564 0.332179930795848 0.352941176470588 0.363321799307958 0.380622837370242 0.404844290657439 0.42560553633218 0.456747404844291 0.484429065743945 0.508650519031142 0.557093425605536 0.598615916955017 0.636678200692042 0.671280276816609 0.692041522491349 0.716262975778547 0.743944636678201 0.764705882352941 0.792387543252595 0.813148788927336 0.85121107266436 0.878892733564014 0.903114186851211 0.923875432525952 0.934256055363322 0.951557093425606 0.958477508650519 0.955017301038062 0.951557093425606 0.944636678200692 0.941176470588235
0.141868512110727 0.145328719723183 0.155709342560554 0.15916955017301 0.169550173010381 0.183391003460208 0.190311418685121 0.186851211072664 0.190311418685121 0.204152249134948 0.221453287197232 0.245674740484429 0.26643598615917 0.28719723183391 0.307958477508651 0.332179930795848 0.342560553633218 0.363321799307958 0.391003460207612 0.41522491349481 0.44636678200692 0.474048442906574 0.501730103806228 0.550173010380623 0.591695501730104 0.629757785467128 0.667820069204152 0.692041522491349 0.719723183391003 0.750865051903114 0.771626297577855 0.795847750865052 0.813148788927336 0.847750865051903 0.868512110726644 0.885813148788927 0.899653979238754 0.906574394463668 0.920415224913495 0.927335640138408 0.923875432525952 0.920415224913495 0.913494809688581 0.910034602076125
0.145328719723183 0.14878892733564 0.15916955017301 0.162629757785467 0.169550173010381 0.176470588235294 0.183391003460208 0.183391003460208 0.186851211072664 0.200692041522491 0.214532871972318 0.238754325259516 0.256055363321799 0.273356401384083 0.290657439446367 0.311418685121107 0.321799307958477 0.342560553633218 0.370242214532872 0.397923875432526 0.432525951557093 0.460207612456747 0.491349480968858 0.543252595155709 0.58477508650519 0.622837370242215 0.660899653979239 0.688581314878893 0.71280276816609 0.743944636678201 0.764705882352941 0.785467128027682 0.802768166089965 0.833910034602076 0.85121107266436 0.865051903114187 0.8719723183391 0.8719723183391 0.882352941176471 0.885813148788927 0.878892733564014 0.8719723183391 0.86159169550173 0.854671280276817
0.169550173010381 0.173010380622837 0.183391003460208 0.186851211072664 0.186851211072664 0.186851211072664 0.186851211072664 0.186851211072664 0.197231833910035 0.214532871972318 0.224913494809689 0.242214532871972 0.252595155709343 0.262975778546713 0.27681660899654 0.290657439446367 0.29757785467128 0.321799307958477 0.349480968858132 0.377162629757785 0.411764705882353 0.442906574394464 0.474048442906574 0.525951557093426 0.56401384083045 0.595155709342561 0.626297577854671 0.653979238754325 0.678200692041522 0.709342560553633 0.730103806228374 0.747404844290657 0.764705882352941 0.792387543252595 0.806228373702422 0.816608996539792 0.820069204152249 0.816608996539792 0.823529411764706 0.826989619377163 0.820069204152249 0.813148788927336 0.802768166089965 0.799307958477509
0.200692041522491 0.204152249134948 0.211072664359862 0.211072664359862 0.204152249134948 0.200692041522491 0.197231833910035 0.197231833910035 0.207612456747405 0.217993079584775 0.221453287197232 0.231833910034602 0.235294117647059 0.238754325259516 0.249134948096886 0.262975778546713 0.26643598615917 0.28719723183391 0.311418685121107 0.342560553633218 0.380622837370242 0.41522491349481 0.44636678200692 0.494809688581315 0.532871972318339 0.56401384083045 0.595155709342561 0.622837370242215 0.647058823529412 0.678200692041522 0.698961937716263 0.71280276816609 0.726643598615917 0.750865051903114 0.761245674740484 0.771626297577855 0.771626297577855 0.764705882352941 0.768166089965398 0.768166089965398 0.764705882352941 0.757785467128028 0.747404844290657 0.743944636678201
0.238754325259516 0.242214532871972 0.245674740484429 0.245674740484429 0.235294117647059 0.231833910034602 0.224913494809689 0.221453287197232 0.228373702422145 0.231833910034602 0.228373702422145 0.231833910034602 0.228373702422145 0.224913494809689 0.231833910034602 0.242214532871972 0.242214532871972 0.259515570934256 0.27681660899654 0.307958477508651 0.342560553633218 0.377162629757785 0.408304498269896 0.456747404844291 0.494809688581315 0.525951557093426 0.557093425605536 0.58477508650519 0.608996539792388 0.640138408304498 0.660899653979239 0.671280276816609 0.681660899653979 0.70242214532872 0.709342560553633 0.719723183391003 0.719723183391003 0.71280276816609 0.71280276816609 0.709342560553633 0.705882352941177 0.698961937716263 0.688581314878893 0.685121107266436
0.269896193771626 0.273356401384083 0.280276816608997 0.283737024221453 0.269896193771626 0.262975778546713 0.256055363321799 0.249134948096886 0.249134948096886 0.245674740484429 0.235294117647059 0.235294117647059 0.228373702422145 0.224913494809689 0.231833910034602 0.242214532871972 0.242214532871972 0.256055363321799 0.26643598615917 0.290657439446367 0.318339100346021 0.352941176470588 0.384083044982699 0.429065743944637 0.463667820069204 0.494809688581315 0.525951557093426 0.557093425605536 0.577854671280277 0.605536332179931 0.622837370242215 0.629757785467128 0.636678200692042 0.653979238754325 0.657439446366782 0.667820069204152 0.667820069204152 0.660899653979239 0.657439446366782 0.653979238754325 0.650519031141868 0.643598615916955 0.633217993079585 0.629757785467128
0.311418685121107 0.314878892733564 0.321799307958477 0.321799307958477 0.307958477508651 0.29757785467128 0.28719723183391 0.27681660899654 0.273356401384083 0.262975778546713 0.252595155709343 0.245674740484429 0.235294117647059 0.228373702422145 0.231833910034602 0.242214532871972 0.242214532871972 0.249134948096886 0.256055363321799 0.273356401384083 0.29757785467128 0.328719723183391 0.356401384083045 0.397923875432526 0.429065743944637 0.460207612456747 0.491349480968858 0.522491349480969 0.543252595155709 0.570934256055363 0.588235294117647 0.591695501730104 0.595155709342561 0.608996539792388 0.612456747404844 0.622837370242215 0.622837370242215 0.615916955017301 0.608996539792388 0.605536332179931 0.602076124567474 0.595155709342561 0.588235294117647 0.58477508650519
0.363321799307958 0.366782006920415 0.366782006920415 0.363321799307958 0.346020761245675 0.332179930795848 0.318339100346021 0.301038062283737 0.294117647058824 0.27681660899654 0.259515570934256 0.249134948096886 0.235294117647059 0.224913494809689 0.221453287197232 0.228373702422145 0.224913494809689 0.228373702422145 0.231833910034602 0.249134948096886 0.269896193771626 0.29757785467128 0.321799307958477 0.359861591695502 0.391003460207612 0.418685121107266 0.449826989619377 0.480968858131488 0.498269896193772 0.525951557093426 0.543252595155709 0.550173010380623 0.55363321799308 0.567474048442907 0.570934256055363 0.581314878892734 0.581314878892734 0.577854671280277 0.570934256055363 0.570934256055363 0.570934256055363 0.567474048442907 0.56401384083045 0.560553633217993
0.411764705882353 0.411764705882353 0.404844290657439 0.401384083044983 0.380622837370242 0.370242214532872 0.356401384083045 0.335640138408304 0.328719723183391 0.307958477508651 0.283737024221453 0.269896193771626 0.252595155709343 0.235294117647059 0.224913494809689 0.228373702422145 0.221453287197232 0.217993079584775 0.221453287197232 0.238754325259516 0.252595155709343 0.27681660899654 0.294117647058824 0.328719723183391 0.356401384083045 0.380622837370242 0.408304498269896 0.439446366782007 0.453287197231834 0.480968858131488 0.501730103806228 0.512110726643599 0.515570934256055 0.529411764705882 0.536332179930796 0.546712802768166 0.550173010380623 0.550173010380623 0.546712802768166 0.550173010380623 0.550173010380623 0.546712802768166 0.543252595155709 0.543252595155709
0.449826989619377 0.453287197231834 0.44636678200692 0.442906574394464 0.422145328719723 0.411764705882353 0.397923875432526 0.373702422145329 0.363321799307958 0.339100346020761 0.307958477508651 0.28719723183391 0.26643598615917 0.242214532871972 0.228373702422145 0.224913494809689 0.214532871972318 0.211072664359862 0.211072664359862 0.224913494809689 0.238754325259516 0.259515570934256 0.273356401384083 0.304498269896194 0.328719723183391 0.349480968858132 0.373702422145329 0.404844290657439 0.418685121107266 0.44636678200692 0.470588235294118 0.480968858131488 0.487889273356401 0.501730103806228 0.508650519031142 0.522491349480969 0.525951557093426 0.525951557093426 0.525951557093426 0.532871972318339 0.536332179930796 0.536332179930796 0.532871972318339 0.532871972318339
0.477508650519031 0.480968858131488 0.474048442906574 0.474048442906574 0.456747404844291 0.449826989619377 0.43598615916955 0.411764705882353 0.397923875432526 0.370242214532872 0.335640138408304 0.307958477508651 0.283737024221453 0.256055363321799 0.238754325259516 0.231833910034602 0.217993079584775 0.211072664359862 0.207612456747405 0.221453287197232 0.231833910034602 0.249134948096886 0.262975778546713 0.290657439446367 0.311418685121107 0.328719723183391 0.349480968858132 0.377162629757785 0.391003460207612 0.418685121107266 0.442906574394464 0.453287197231834 0.460207612456747 0.474048442906574 0.480968858131488 0.494809688581315 0.498269896193772 0.501730103806228 0.505190311418685 0.512110726643599 0.519031141868512 0.522491349480969 0.522491349480969 0.522491349480969
0.505190311418685 0.508650519031142 0.498269896193772 0.498269896193772 0.480968858131488 0.474048442906574 0.460207612456747 0.43598615916955 0.418685121107266 0.387543252595156 0.349480968858132 0.318339100346021 0.294117647058824 0.26643598615917 0.245674740484429 0.231833910034602 0.211072664359862 0.200692041522491 0.197231833910035 0.207612456747405 0.214532871972318 0.228373702422145 0.242214532871972 0.26643598615917 0.283737024221453 0.29757785467128 0.314878892733564 0.339100346020761 0.352941176470588 0.377162629757785 0.401384083044983 0.411764705882353 0.422145328719723 0.439446366782007 0.44636678200692 0.460207612456747 0.467128027681661 0.474048442906574 0.480968858131488 0.487889273356401 0.498269896193772 0.508650519031142 0.512110726643599 0.512110726643599
0.529411764705882 0.532871972318339 0.522491349480969 0.522491349480969 0.505190311418685 0.494809688581315 0.480968858131488 0.453287197231834 0.432525951557093 0.401384083044983 0.363321799307958 0.332179930795848 0.304498269896194 0.27681660899654 0.256055363321799 0.235294117647059 0.211072664359862 0.193771626297578 0.186851211072664 0.197231833910035 0.200692041522491 0.211072664359862 0.231833910034602 0.252595155709343 0.26643598615917 0.27681660899654 0.28719723183391 0.304498269896194 0.314878892733564 0.339100346020761 0.363321799307958 0.373702422145329 0.387543252595156 0.404844290657439 0.41522491349481 0.432525951557093 0.439446366782007 0.449826989619377 0.460207612456747 0.467128027681661 0.484429065743945 0.498269896193772 0.505190311418685 0.508650519031142
0.546712802768166 0.550173010380623 0.539792387543253 0.539792387543253 0.522491349480969 0.512110726643599 0.498269896193772 0.470588235294118 0.449826989619377 0.418685121107266 0.380622837370242 0.349480968858132 0.318339100346021 0.28719723183391 0.269896193771626 0.249134948096886 0.224913494809689 0.204152249134948 0.197231833910035 0.204152249134948 0.204152249134948 0.211072664359862 0.228373702422145 0.242214532871972 0.249134948096886 0.252595155709343 0.256055363321799 0.269896193771626 0.27681660899654 0.301038062283737 0.328719723183391 0.335640138408304 0.349480968858132 0.366782006920415 0.380622837370242 0.397923875432526 0.408304498269896 0.422145328719723 0.43598615916955 0.44636678200692 0.467128027681661 0.484429065743945 0.494809688581315 0.501730103806228
0.56401384083045 0.567474048442907 0.557093425605536 0.557093425605536 0.539792387543253 0.529411764705882 0.515570934256055 0.487889273356401 0.467128027681661 0.43598615916955 0.397923875432526 0.370242214532872 0.339100346020761 0.304498269896194 0.28719723183391 0.262975778546713 0.235294117647059 0.211072664359862 0.200692041522491 0.204152249134948 0.200692041522491 0.204152249134948 0.217993079584775 0.224913494809689 0.224913494809689 0.224913494809689 0.221453287197232 0.228373702422145 0.228373702422145 0.249134948096886 0.280276816608997 0.28719723183391 0.307958477508651 0.328719723183391 0.346020761245675 0.366782006920415 0.384083044982699 0.404844290657439 0.422145328719723 0.43598615916955 0.460207612456747 0.480968858131488 0.494809688581315 0.505190311418685
0.577854671280277 0.581314878892734 0.570934256055363 0.570934256055363 0.55363321799308 0.539792387543253 0.525951557093426 0.494809688581315 0.470588235294118 0.439446366782007 0.401384083044983 0.373702422145329 0.339100346020761 0.29757785467128 0.280276816608997 0.252595155709343 0.221453287197232 0.193771626297578 0.179930795847751 0.179930795847751 0.173010380622837 0.173010380622837 0.186851211072664 0.186851211072664 0.183391003460208 0.179930795847751 0.173010380622837 0.176470588235294 0.173010380622837 0.193771626297578 0.224913494809689 0.235294117647059 0.262975778546713 0.28719723183391 0.307958477508651 0.332179930795848 0.352941176470588 0.377162629757785 0.397923875432526 0.41522491349481 0.442906574394464 0.467128027681661 0.484429065743945 0.498269896193772
