Maxent_test_maps/Proportion/hab_5.asc
NCOLS 385 
NROWS 303 
XLLCORNER 268220.725019301 
YLLCORNER 743137.81817112 
CELLSIZE 114 
NODATA_value -9999 
[rows 168 to 188 of 303, columns 46 to 91 of 385]
0.155709342560554 0.162629757785467 0.176470588235294 0.179930795847751 0.183391003460208 0.183391003460208 0.183391003460208 0.176470588235294 0.166089965397924 0.152249134948097 0.145328719723183 0.131487889273356 0.117647058823529 0.107266435986159 0.103806228373702 0.0899653979238754 0.0761245674740484 0.0588235294117647 0.055363321799308 0.041522491349481 0.0346020761245675 0.0242214532871972 0.0173010380622837 0.013840830449827 0.013840830449827 0.013840830449827 0.013840830449827 0.0069204152249135 0.0069204152249135 0.0069204152249135 0.0103806228373702 0.0242214532871972 0.0380622837370242 0.0519031141868512 0.0622837370242214 0.0761245674740484 0.0865051903114187 0.0934256055363322 0.103806228373702 0.107266435986159 0.107266435986159 0.107266435986159 0.107266435986159 0.107266435986159 0.107266435986159 0.107266435986159
0.134948096885813 0.141868512110727 0.155709342560554 0.15916955017301 0.162629757785467 0.162629757785467 0.162629757785467 0.155709342560554 0.14878892733564 0.13840830449827 0.134948096885813 0.124567474048443 0.114186851211073 0.107266435986159 0.103806228373702 0.0899653979238754 0.0761245674740484 0.0588235294117647 0.055363321799308 0.041522491349481 0.0346020761245675 0.0242214532871972 0.0173010380622837 0.013840830449827 0.013840830449827 0.013840830449827 0.013840830449827 0.0069204152249135 0.0069204152249135 0.0069204152249135 0.0103806228373702 0.0242214532871972 0.0380622837370242 0.0519031141868512 0.0622837370242214 0.0761245674740484 0.0830449826989619 0.0865051903114187 0.0934256055363322 0.0934256055363322 0.0934256055363322 0.0934256055363322 0.0934256055363322 0.0934256055363322 0.0934256055363322 0.0934256055363322
0.134948096885813 0.141868512110727 0.155709342560554 0.15916955017301 0.162629757785467 0.162629757785467 0.162629757785467 0.155709342560554 0.14878892733564 0.13840830449827 0.131487889273356 0.121107266435986 0.110726643598616 0.103806228373702 0.100346020761246 0.0865051903114187 0.0726643598615917 0.055363321799308 0.0519031141868512 0.0380622837370242 0.0311418685121107 0.0207612456747405 0.013840830449827 0.0103806228373702 0.0103806228373702 0.0103806228373702 0.0103806228373702 0.0069204152249135 0.0069204152249135 0.0069204152249135 0.0103806228373702 0.0242214532871972 0.0380622837370242 0.0519031141868512 0.0622837370242214 0.0726643598615917 0.0761245674740484 0.0795847750865052 0.0830449826989619 0.0830449826989619 0.0830449826989619 0.0830449826989619 0.0830449826989619 0.0830449826989619 0.0830449826989619 0.0830449826989619
0.0865051903114187 0.0899653979238754 0.103806228373702 0.110726643598616 0.117647058823529 0.121107266435986 0.124567474048443 0.121107266435986 0.117647058823529 0.110726643598616 0.103806228373702 0.0968858131487889 0.0899653979238754 0.0830449826989619 0.0830449826989619 0.0726643598615917 0.0622837370242214 0.0484429065743945 0.0484429065743945 0.0346020761245675 0.027681660899654 0.0173010380622837 0.0103806228373702 0.0069204152249135 0.0069204152249135 0.0069204152249135 0.0069204152249135 0.0069204152249135 0.0069204152249135 0.0069204152249135 0.0103806228373702 0.0242214532871972 0.0346020761245675 0.0449826989619377 0.055363321799308 0.0657439446366782 0.069204152249135 0.0726643598615917 0.0761245674740484 0.0795847750865052 0.0830449826989619 0.0830449826989619 0.0830449826989619 0.0830449826989619 0.0830449826989619 0.0830449826989619
0.0449826989619377 0.0449826989619377 0.055363321799308 0.0588235294117647 0.0657439446366782 0.0726643598615917 0.0761245674740484 0.0761245674740484 0.0761245674740484 0.0726643598615917 0.069204152249135 0.0657439446366782 0.0622837370242214 0.0588235294117647 0.0588235294117647 0.0519031141868512 0.0449826989619377 0.0346020761245675 0.0346020761245675 0.0242214532871972 0.0207612456747405 0.013840830449827 0.0069204152249135 0.00346020761245675 0.00346020761245675 0.00346020761245675 0.00346020761245675 0.00346020761245675 0.00346020761245675 0.00346020761245675 0.0069204152249135 0.0207612456747405 0.0311418685121107 0.041522491349481 0.0519031141868512 0.0657439446366782 0.0726643598615917 0.0795847750865052 0.0830449826989619 0.0899653979238754 0.0934256055363322 0.0968858131487889 0.0968858131487889 0.0968858131487889 0.0968858131487889 0.0968858131487889
0.0207612456747405 0.0207612456747405 0.027681660899654 0.0311418685121107 0.0346020761245675 0.0380622837370242 0.041522491349481 0.041522491349481 0.041522491349481 0.041522491349481 0.041522491349481 0.041522491349481 0.041522491349481 0.041522491349481 0.041522491349481 0.0380622837370242 0.0311418685121107 0.0242214532871972 0.0242214532871972 0.0173010380622837 0.013840830449827 0.0103806228373702 0.0069204152249135 0.00346020761245675 0.00346020761245675 0.00346020761245675 0.00346020761245675 0.00346020761245675 0.00346020761245675 0.00346020761245675 0.0069204152249135 0.0207612456747405 0.0311418685121107 0.041522491349481 0.0519031141868512 0.069204152249135 0.0795847750865052 0.0899653979238754 0.0968858131487889 0.107266435986159 0.114186851211073 0.121107266435986 0.124567474048443 0.124567474048443 0.124567474048443 0.124567474048443
0.0069204152249135 0.0069204152249135 0.0103806228373702 0.013840830449827 0.013840830449827 0.013840830449827 0.013840830449827 0.013840830449827 0.013840830449827 0.013840830449827 0.013840830449827 0.013840830449827 0.013840830449827 0.013840830449827 0.013840830449827 0.013840830449827 0.0103806228373702 0.0069204152249135 0.0069204152249135 0.00346020761245675 0 0 0 0 0 0 0 0 0 0 0.0069204152249135 0.0207612456747405 0.0311418685121107 0.041522491349481 0.055363321799308 0.0761245674740484 0.0899653979238754 0.100346020761246 0.110726643598616 0.121107266435986 0.131487889273356 0.141868512110727 0.14878892733564 0.152249134948097 0.152249134948097 0.152249134948097
0 0 0 0 0 0 0 0 0 0 0 0 0 0 0 0 0 0 0 0 0 0 0 0 0 0 0 0 0 0 0.0069204152249135 0.0173010380622837 0.027681660899654 0.0380622837370242 0.055363321799308 0.0795847750865052 0.0934256055363322 0.107266435986159 0.121107266435986 0.134948096885813 0.14878892733564 0.162629757785467 0.173010380622837 0.179930795847751 0.183391003460208 0.183391003460208
0 0 0 0 0 0 0 0 0 0 0 0 0 0 0 0 0 0 0 0 0 0 0 0 0 0 0 0 0 0 0.0069204152249135 0.0173010380622837 0.027681660899654 0.041522491349481 0.0622837370242214 0.0865051903114187 0.103806228373702 0.121107266435986 0.13840830449827 0.155709342560554 0.173010380622837 0.190311418685121 0.204152249134948 0.214532871972318 0.221453287197232 0.224913494809689
0 0 0 0 0 0 0 0 0 0 0 0 0 0 0 0 0.00346020761245675 0.00346020761245675 0.00346020761245675 0.00346020761245675 0.00346020761245675 0.00346020761245675 0.00346020761245675 0.00346020761245675 0.00346020761245675 0.00346020761245675 0.00346020761245675 0.00346020761245675 0.00346020761245675 0.00346020761245675 0.0103806228373702 0.0207612456747405 0.0311418685121107 0.0449826989619377 0.069204152249135 0.0968858131487889 0.117647058823529 0.13840830449827 0.15916955017301 0.179930795847751 0.200692041522491 0.221453287197232 0.238754325259516 0.252595155709343 0.262975778546713 0.269896193771626
0 0 0 0 0 0 0 0 0 0 0 0 0.00346020761245675 0.0069204152249135 0.0103806228373702 0.013840830449827 0.0207612456747405 0.0207612456747405 0.0207612456747405 0.0207612456747405 0.0207612456747405 0.0207612456747405 0.0207612456747405 0.0207612456747405 0.0207612456747405 0.0207612456747405 0.0207612456747405 0.0207612456747405 0.0207612456747405 0.0173010380622837 0.0207612456747405 0.027681660899654 0.0346020761245675 0.0484429065743945 0.0761245674740484 0.107266435986159 0.131487889273356 0.155709342560554 0.179930795847751 0.204152249134948 0.228373702422145 0.252595155709343 0.273356401384083 0.290657439446367 0.304498269896194 0.314878892733564
0 0 0 0 0 0 0 0 0 0.00346020761245675 0.0069204152249135 0.0103806228373702 0.0173010380622837 0.0242214532871972 0.027681660899654 0.0346020761245675 0.0449826989619377 0.0449826989619377 0.0449826989619377 0.0449826989619377 0.0449826989619377 0.0449826989619377 0.0449826989619377 0.0449826989619377 0.0449826989619377 0.0449826989619377 0.041522491349481 0.0380622837370242 0.0346020761245675 0.027681660899654 0.0311418685121107 0.0380622837370242 0.0449826989619377 0.0588235294117647 0.0865051903114187 0.117647058823529 0.145328719723183 0.173010380622837 0.197231833910035 0.224913494809689 0.252595155709343 0.280276816608997 0.304498269896194 0.325259515570934 0.342560553633218 0.356401384083045
0.0103806228373702 0.0103806228373702 0.0103806228373702 0.0103806228373702 0.0103806228373702 0.0103806228373702 0.0103806228373702 0.0103806228373702 0.013840830449827 0.0207612456747405 0.027681660899654 0.0311418685121107 0.0380622837370242 0.0449826989619377 0.0519031141868512 0.0588235294117647 0.069204152249135 0.069204152249135 0.069204152249135 0.069204152249135 0.069204152249135 0.069204152249135 0.069204152249135 0.069204152249135 0.069204152249135 0.0657439446366782 0.0588235294117647 0.0519031141868512 0.0449826989619377 0.0346020761245675 0.0346020761245675 0.0380622837370242 0.0449826989619377 0.0588235294117647 0.0865051903114187 0.117647058823529 0.145328719723183 0.176470588235294 0.200692041522491 0.231833910034602 0.262975778546713 0.294117647058824 0.321799307958477 0.346020761245675 0.366782006920415 0.384083044982699
0.0103806228373702 0.0103806228373702 0.0103806228373702 0.0103806228373702 0.0103806228373702 0.0103806228373702 0.0103806228373702 0.0103806228373702 0.0173010380622837 0.027681660899654 0.0380622837370242 0.0449826989619377 0.055363321799308 0.0657439446366782 0.0761245674740484 0.0830449826989619 0.0934256055363322 0.0934256055363322 0.0934256055363322 0.0934256055363322 0.0934256055363322 0.0934256055363322 0.0934256055363322 0.0934256055363322 0.0934256055363322 0.0865051903114187 0.0761245674740484 0.0657439446366782 0.055363321799308 0.041522491349481 0.0380622837370242 0.0346020761245675 0.0380622837370242 0.0519031141868512 0.0795847750865052 0.107266435986159 0.134948096885813 0.162629757785467 0.186851211072664 0.217993079584775 0.252595155709343 0.28719723183391 0.318339100346021 0.346020761245675 0.370242214532872 0.391003460207612
0.0103806228373702 0.0103806228373702 0.0103806228373702 0.0103806228373702 0.0103806228373702 0.0103806228373702 0.0103806228373702 0.0103806228373702 0.0207612456747405 0.0346020761245675 0.0484429065743945 0.0588235294117647 0.069204152249135 0.0795847750865052 0.0899653979238754 0.0968858131487889 0.110726643598616 0.114186851211073 0.114186851211073 0.114186851211073 0.114186851211073 0.114186851211073 0.114186851211073 0.114186851211073 0.114186851211073 0.103806228373702 0.0899653979238754 0.0761245674740484 0.0622837370242214 0.0484429065743945 0.041522491349481 0.0380622837370242 0.041522491349481 0.0484429065743945 0.0761245674740484 0.100346020761246 0.124567474048443 0.152249134948097 0.176470588235294 0.207612456747405 0.245674740484429 0.283737024221453 0.318339100346021 0.349480968858132 0.373702422145329 0.397923875432526
0.0173010380622837 0.0173010380622837 0.0173010380622837 0.0173010380622837 0.0207612456747405 0.0242214532871972 0.0242214532871972 0.0242214532871972 0.0346020761245675 0.0449826989619377 0.0588235294117647 0.0726643598615917 0.0865051903114187 0.100346020761246 0.110726643598616 0.117647058823529 0.131487889273356 0.13840830449827 0.13840830449827 0.13840830449827 0.13840830449827 0.134948096885813 0.131487889273356 0.131487889273356 0.131487889273356 0.117647058823529 0.103806228373702 0.0899653979238754 0.0726643598615917 0.0588235294117647 0.0449826989619377 0.0380622837370242 0.041522491349481 0.0484429065743945 0.0726643598615917 0.0968858131487889 0.121107266435986 0.14878892733564 0.173010380622837 0.204152249134948 0.245674740484429 0.28719723183391 0.325259515570934 0.356401384083045 0.380622837370242 0.408304498269896
0.0242214532871972 0.0242214532871972 0.0242214532871972 0.0242214532871972 0.027681660899654 0.0311418685121107 0.0311418685121107 0.0311418685121107 0.041522491349481 0.0519031141868512 0.069204152249135 0.0865051903114187 0.103806228373702 0.121107266435986 0.134948096885813 0.145328719723183 0.162629757785467 0.169550173010381 0.169550173010381 0.169550173010381 0.169550173010381 0.166089965397924 0.162629757785467 0.162629757785467 0.162629757785467 0.145328719723183 0.1280276816609 0.110726643598616 0.0899653979238754 0.0726643598615917 0.055363321799308 0.0449826989619377 0.0484429065743945 0.0519031141868512 0.0726643598615917 0.100346020761246 0.124567474048443 0.152249134948097 0.176470588235294 0.211072664359862 0.256055363321799 0.301038062283737 0.342560553633218 0.373702422145329 0.397923875432526 0.42560553633218
0.0242214532871972 0.0242214532871972 0.0242214532871972 0.0242214532871972 0.027681660899654 0.0311418685121107 0.0311418685121107 0.0311418685121107 0.0449826989619377 0.0588235294117647 0.0795847750865052 0.100346020761246 0.121107266435986 0.13840830449827 0.155709342560554 0.169550173010381 0.190311418685121 0.200692041522491 0.204152249134948 0.204152249134948 0.204152249134948 0.200692041522491 0.197231833910035 0.197231833910035 0.200692041522491 0.179930795847751 0.15916955017301 0.13840830449827 0.114186851211073 0.0934256055363322 0.0761245674740484 0.0622837370242214 0.0588235294117647 0.0622837370242214 0.0795847750865052 0.103806228373702 0.131487889273356 0.162629757785467 0.190311418685121 0.228373702422145 0.27681660899654 0.318339100346021 0.359861591695502 0.391003460207612 0.41522491349481 0.442906574394464
0.0242214532871972 0.0242214532871972 0.0242214532871972 0.0242214532871972 0.027681660899654 0.0311418685121107 0.0311418685121107 0.0346020761245675 0.0484429065743945 0.0657439446366782 0.0899653979238754 0.114186851211073 0.13840830449827 0.15916955017301 0.179930795847751 0.197231833910035 0.221453287197232 0.235294117647059 0.242214532871972 0.242214532871972 0.242214532871972 0.238754325259516 0.235294117647059 0.235294117647059 0.235294117647059 0.214532871972318 0.190311418685121 0.166089965397924 0.13840830449827 0.114186851211073 0.0968858131487889 0.0795847750865052 0.0726643598615917 0.0761245674740484 0.0934256055363322 0.114186851211073 0.141868512110727 0.176470588235294 0.207612456747405 0.245674740484429 0.294117647058824 0.339100346020761 0.380622837370242 0.411764705882353 0.43598615916955 0.463667820069204
0.0242214532871972 0.0242214532871972 0.0242214532871972 0.0242214532871972 0.027681660899654 0.0311418685121107 0.0346020761245675 0.041522491349481 0.055363321799308 0.0761245674740484 0.103806228373702 0.131487889273356 0.15916955017301 0.183391003460208 0.207612456747405 0.228373702422145 0.256055363321799 0.273356401384083 0.280276816608997 0.280276816608997 0.280276816608997 0.27681660899654 0.273356401384083 0.269896193771626 0.269896193771626 0.249134948096886 0.221453287197232 0.193771626297578 0.162629757785467 0.13840830449827 0.121107266435986 0.100346020761246 0.0899653979238754 0.0934256055363322 0.110726643598616 0.134948096885813 0.166089965397924 0.204152249134948 0.238754325259516 0.27681660899654 0.325259515570934 0.366782006920415 0.408304498269896 0.439446366782007 0.463667820069204 0.491349480968858
0.0242214532871972 0.0242214532871972 0.0242214532871972 0.0242214532871972 0.027681660899654 0.0311418685121107 0.0346020761245675 0.041522491349481 0.055363321799308 0.0795847750865052 0.110726643598616 0.141868512110727 0.173010380622837 0.200692041522491 0.228373702422145 0.252595155709343 0.283737024221453 0.304498269896194 0.314878892733564 0.318339100346021 0.321799307958477 0.318339100346021 0.314878892733564 0.311418685121107 0.314878892733564 0.294117647058824 0.262975778546713 0.231833910034602 0.197231833910035 0.173010380622837 0.155709342560554 0.134948096885813 0.121107266435986 0.124567474048443 0.141868512110727 0.166089965397924 0.197231833910035 0.235294117647059 0.273356401384083 0.311418685121107 0.359861591695502 0.401384083044983 0.442906574394464 0.474048442906574 0.498269896193772 0.525951557093426
