Maxent_test_maps/Proportion/hab_6.asc
NCOLS 385 
NROWS 303 
XLLCORNER 268220.725019301 
YLLCORNER 743137.81817112 
CELLSIZE 114 
NODATA_value -9999 
[rows 168 to 195 of 303, columns 0 to 62 of 385]
0.234375 0.241379310344828 0.253086419753086 0.268156424581006 0.280612244897959 0.286384976525822 0.291304347826087 0.299595141700405 0.306818181818182 0.309608540925267 0.321799307958477 0.335640138408304 0.352941176470588 0.356401384083045 0.346020761245675 0.332179930795848 0.311418685121107 0.294117647058824 0.283737024221453 0.26643598615917 0.245674740484429 0.224913494809689 0.211072664359862 0.197231833910035 0.179930795847751 0.15916955017301 0.13840830449827 0.110726643598616 0.0865051903114187 0.0622837370242214 0.0519031141868512 0.0484429065743945 0.0449826989619377 0.0449826989619377 0.0449826989619377 0.0380622837370242 0.0346020761245675 0.0311418685121107 0.027681660899654 0.0207612456747405 0.013840830449827 0.0069204152249135 0.00346020761245675 0.00346020761245675 0.00346020761245675 0.00346020761245675 0.00346020761245675 0 0 0 0 0 0 0 0 0 0 0 0 0 0 0 0
0.232558139534884 0.23972602739726 0.251533742331288 0.266666666666667 0.279187817258883 0.285046728971963 0.29004329004329 0.298387096774194 0.305660377358491 0.308510638297872 0.321799307958477 0.335640138408304 0.352941176470588 0.356401384083045 0.346020761245675 0.332179930795848 0.311418685121107 0.294117647058824 0.283737024221453 0.26643598615917 0.245674740484429 0.224913494809689 0.211072664359862 0.197231833910035 0.179930795847751 0.15916955017301 0.13840830449827 0.110726643598616 0.0865051903114187 0.0622837370242214 0.0519031141868512 0.0484429065743945 0.0449826989619377 0.0449826989619377 0.0449826989619377 0.0380622837370242 0.0346020761245675 0.0311418685121107 0.027681660899654 0.0207612456747405 0.013840830449827 0.0069204152249135 0.00346020761245675 0.00346020761245675 0.00346020761245675 0.00346020761245675 0.00346020761245675 0 0 0 0 0 0 0 0 0 0 0 0 0 0 0 0
0.230769230769231 0.238095238095238 0.25 0.265193370165746 0.277777777777778 0.283720930232558 0.288793103448276 0.29718875502008 0.304511278195489 0.307420494699647 0.321799307958477 0.335640138408304 0.352941176470588 0.356401384083045 0.346020761245675 0.332179930795848 0.311418685121107 0.294117647058824 0.283737024221453 0.26643598615917 0.245674740484429 0.224913494809689 0.211072664359862 0.200692041522491 0.183391003460208 0.162629757785467 0.141868512110727 0.114186851211073 0.0899653979238754 0.0657439446366782 0.055363321799308 0.0519031141868512 0.0484429065743945 0.0484429065743945 0.0484429065743945 0.041522491349481 0.0380622837370242 0.0346020761245675 0.0311418685121107 0.0242214532871972 0.013840830449827 0.0069204152249135 0.00346020761245675 0.00346020761245675 0.00346020761245675 0.00346020761245675 0.00346020761245675 0 0 0 0 0 0 0 0 0 0 0 0 0 0 0 0
0.229007633587786 0.236486486486486 0.248484848484848 0.263736263736264 0.276381909547739 0.282407407407407 0.28755364806867 0.296 0.303370786516854 0.306338028169014 0.321799307958477 0.335640138408304 0.352941176470588 0.356401384083045 0.346020761245675 0.332179930795848 0.311418685121107 0.294117647058824 0.283737024221453 0.26643598615917 0.245674740484429 0.224913494809689 0.211072664359862 0.204152249134948 0.190311418685121 0.169550173010381 0.14878892733564 0.121107266435986 0.0968858131487889 0.0726643598615917 0.0588235294117647 0.055363321799308 0.0519031141868512 0.0519031141868512 0.0519031141868512 0.0449826989619377 0.041522491349481 0.0380622837370242 0.0346020761245675 0.027681660899654 0.013840830449827 0.00346020761245675 0 0 0 0 0 0 0 0 0 0 0 0 0 0 0 0 0 0 0 0 0
0.227272727272727 0.23489932885906 0.246987951807229 0.262295081967213 0.275 0.28110599078341 0.286324786324786 0.294820717131474 0.302238805970149 0.305263157894737 0.321799307958477 0.335640138408304 0.352941176470588 0.356401384083045 0.346020761245675 0.332179930795848 0.311418685121107 0.294117647058824 0.283737024221453 0.26643598615917 0.245674740484429 0.224913494809689 0.211072664359862 0.204152249134948 0.186851211072664 0.162629757785467 0.141868512110727 0.114186851211073 0.0899653979238754 0.0657439446366782 0.0519031141868512 0.0484429065743945 0.0449826989619377 0.0449826989619377 0.0449826989619377 0.0380622837370242 0.0346020761245675 0.0311418685121107 0.027681660899654 0.0207612456747405 0.0069204152249135 0 0 0 0 0 0 0 0 0 0 0 0 0 0 0 0 0 0 0 0 0 0
0.225563909774436 0.233333333333333 0.245508982035928 0.260869565217391 0.27363184079602 0.279816513761468 0.285106382978723 0.293650793650794 0.301115241635688 0.304195804195804 0.318339100346021 0.328719723183391 0.342560553633218 0.346020761245675 0.335640138408304 0.321799307958477 0.301038062283737 0.283737024221453 0.273356401384083 0.256055363321799 0.235294117647059 0.214532871972318 0.200692041522491 0.190311418685121 0.169550173010381 0.145328719723183 0.124567474048443 0.100346020761246 0.0795847750865052 0.0588235294117647 0.0449826989619377 0.041522491349481 0.0380622837370242 0.0380622837370242 0.0380622837370242 0.0311418685121107 0.027681660899654 0.0242214532871972 0.0207612456747405 0.013840830449827 0.00346020761245675 0 0 0 0 0 0 0 0 0 0 0 0 0 0 0 0 0 0 0 0 0 0
0.223880597014925 0.231788079470199 0.244047619047619 0.259459459459459 0.272277227722772 0.278538812785388 0.283898305084746 0.292490118577075 0.3 0.303135888501742 0.314878892733564 0.321799307958477 0.332179930795848 0.335640138408304 0.325259515570934 0.311418685121107 0.290657439446367 0.273356401384083 0.262975778546713 0.245674740484429 0.224913494809689 0.204152249134948 0.186851211072664 0.173010380622837 0.152249134948097 0.1280276816609 0.107266435986159 0.0865051903114187 0.069204152249135 0.0519031141868512 0.0380622837370242 0.0346020761245675 0.0311418685121107 0.0311418685121107 0.0311418685121107 0.0242214532871972 0.0207612456747405 0.0173010380622837 0.013840830449827 0.0103806228373702 0.00346020761245675 0 0 0 0 0 0 0 0.00346020761245675 0.00346020761245675 0.00346020761245675 0.00346020761245675 0.00346020761245675 0.00346020761245675 0.00346020761245675 0.00346020761245675 0.00346020761245675 0.00346020761245675 0.00346020761245675 0.00346020761245675 0.00346020761245675 0.00346020761245675 0.00346020761245675
0.222222222222222 0.230263157894737 0.242603550295858 0.252688172043011 0.261083743842365 0.268181818181818 0.274261603375527 0.279527559055118 0.284132841328413 0.284722222222222 0.294117647058824 0.29757785467128 0.304498269896194 0.304498269896194 0.294117647058824 0.280276816608997 0.259515570934256 0.242214532871972 0.228373702422145 0.211072664359862 0.193771626297578 0.176470588235294 0.155709342560554 0.141868512110727 0.124567474048443 0.103806228373702 0.0865051903114187 0.069204152249135 0.055363321799308 0.041522491349481 0.0311418685121107 0.027681660899654 0.0242214532871972 0.0242214532871972 0.0242214532871972 0.0207612456747405 0.0173010380622837 0.013840830449827 0.0103806228373702 0.0103806228373702 0.00346020761245675 0 0 0 0 0 0 0 0.00346020761245675 0.00346020761245675 0.00346020761245675 0.00346020761245675 0.00346020761245675 0.00346020761245675 0.00346020761245675 0.00346020761245675 0.00346020761245675 0.00346020761245675 0.00346020761245675 0.00346020761245675 0.00346020761245675 0.00346020761245675 0.00346020761245675
0.205882352941176 0.215686274509804 0.223529411764706 0.229946524064171 0.235294117647059 0.239819004524887 0.243697478991597 0.247058823529412 0.25 0.249134948096886 0.256055363321799 0.256055363321799 0.259515570934256 0.256055363321799 0.245674740484429 0.235294117647059 0.217993079584775 0.200692041522491 0.183391003460208 0.166089965397924 0.14878892733564 0.131487889273356 0.114186851211073 0.103806228373702 0.0899653979238754 0.0726643598615917 0.0588235294117647 0.0449826989619377 0.0346020761245675 0.0242214532871972 0.0173010380622837 0.013840830449827 0.0103806228373702 0.0103806228373702 0.0103806228373702 0.0103806228373702 0.0103806228373702 0.0103806228373702 0.0103806228373702 0.0103806228373702 0.00346020761245675 0 0 0 0 0 0 0 0.00346020761245675 0.00346020761245675 0.00346020761245675 0.00346020761245675 0.00346020761245675 0.00346020761245675 0.00346020761245675 0.00346020761245675 0.00346020761245675 0.00346020761245675 0.00346020761245675 0.00346020761245675 0.00346020761245675 0.00346020761245675 0.00346020761245675
0.191176470588235 0.196078431372549 0.2 0.203208556149733 0.205882352941176 0.208144796380091 0.210084033613445 0.211764705882353 0.213235294117647 0.211072664359862 0.214532871972318 0.211072664359862 0.211072664359862 0.204152249134948 0.190311418685121 0.176470588235294 0.162629757785467 0.14878892733564 0.134948096885813 0.121107266435986 0.107266435986159 0.0934256055363322 0.0795847750865052 0.0726643598615917 0.0622837370242214 0.0484429065743945 0.0380622837370242 0.027681660899654 0.0207612456747405 0.013840830449827 0.0103806228373702 0.0103806228373702 0.0103806228373702 0.0103806228373702 0.0103806228373702 0.0103806228373702 0.0103806228373702 0.0103806228373702 0.0103806228373702 0.0103806228373702 0.00346020761245675 0 0 0 0 0 0 0 0.00346020761245675 0.00346020761245675 0.00346020761245675 0.00346020761245675 0.00346020761245675 0.00346020761245675 0.00346020761245675 0.00346020761245675 0.00346020761245675 0.00346020761245675 0.00346020761245675 0.00346020761245675 0.00346020761245675 0.00346020761245675 0.00346020761245675
0.154411764705882 0.156862745098039 0.158823529411765 0.160427807486631 0.161764705882353 0.16289592760181 0.163865546218487 0.164705882352941 0.165441176470588 0.162629757785467 0.162629757785467 0.15916955017301 0.15916955017301 0.14878892733564 0.134948096885813 0.124567474048443 0.114186851211073 0.103806228373702 0.0934256055363322 0.0830449826989619 0.0726643598615917 0.0622837370242214 0.0519031141868512 0.0484429065743945 0.041522491349481 0.0311418685121107 0.0242214532871972 0.0173010380622837 0.013840830449827 0.0103806228373702 0.0103806228373702 0.0103806228373702 0.0103806228373702 0.0103806228373702 0.0103806228373702 0.0103806228373702 0.0103806228373702 0.0103806228373702 0.0103806228373702 0.0103806228373702 0.00346020761245675 0 0 0 0 0 0 0 0.00346020761245675 0.00346020761245675 0.00346020761245675 0.00346020761245675 0.00346020761245675 0.00346020761245675 0.00346020761245675 0.00346020761245675 0.00346020761245675 0.00346020761245675 0.00346020761245675 0.00346020761245675 0.00346020761245675 0.00346020761245675 0.00346020761245675
0.0955882352941176 0.0980392156862745 0.1 0.101604278074866 0.102941176470588 0.104072398190045 0.105042016806723 0.105882352941176 0.106617647058824 0.103806228373702 0.103806228373702 0.100346020761246 0.100346020761246 0.0934256055363322 0.0830449826989619 0.0761245674740484 0.069204152249135 0.0622837370242214 0.055363321799308 0.0484429065743945 0.041522491349481 0.0346020761245675 0.027681660899654 0.027681660899654 0.0242214532871972 0.0173010380622837 0.013840830449827 0.0103806228373702 0.0103806228373702 0.0103806228373702 0.0103806228373702 0.0103806228373702 0.0103806228373702 0.0103806228373702 0.0103806228373702 0.0103806228373702 0.0103806228373702 0.0103806228373702 0.0103806228373702 0.0103806228373702 0.00346020761245675 0 0 0 0 0 0 0 0.00346020761245675 0.00346020761245675 0.00346020761245675 0.00346020761245675 0.00346020761245675 0.00346020761245675 0.00346020761245675 0.00346020761245675 0.00346020761245675 0.00346020761245675 0.00346020761245675 0.00346020761245675 0.00346020761245675 0.00346020761245675 0.00346020761245675
0.0441176470588235 0.0457516339869281 0.0470588235294118 0.0481283422459893 0.0490196078431373 0.0497737556561086 0.0504201680672269 0.0509803921568627 0.0514705882352941 0.0484429065743945 0.0484429065743945 0.0484429065743945 0.0484429065743945 0.0449826989619377 0.0380622837370242 0.0346020761245675 0.0311418685121107 0.027681660899654 0.0242214532871972 0.0207612456747405 0.0173010380622837 0.013840830449827 0.0103806228373702 0.013840830449827 0.013840830449827 0.0103806228373702 0.0103806228373702 0.0103806228373702 0.0103806228373702 0.0103806228373702 0.0103806228373702 0.0103806228373702 0.0103806228373702 0.0103806228373702 0.0103806228373702 0.0103806228373702 0.0103806228373702 0.0103806228373702 0.0103806228373702 0.0103806228373702 0.00346020761245675 0 0 0 0 0 0 0 0.00346020761245675 0.00346020761245675 0.00346020761245675 0.00346020761245675 0.00346020761245675 0.00346020761245675 0.00346020761245675 0.00346020761245675 0.00346020761245675 0.00346020761245675 0.00346020761245675 0.00346020761245675 0.00346020761245675 0.00346020761245675 0.00346020761245675
0.00735294117647059 0.0065359477124183 0.00588235294117647 0.0053475935828877 0.00490196078431373 0.00452488687782805 0.00420168067226891 0.00392156862745098 0.00367647058823529 0.00346020761245675 0.00346020761245675 0.00346020761245675 0.00346020761245675 0.00346020761245675 0 0 0 0 0 0 0 0 0 0.0069204152249135 0.0103806228373702 0.0103806228373702 0.0103806228373702 0.0103806228373702 0.0103806228373702 0.0103806228373702 0.0103806228373702 0.0103806228373702 0.0103806228373702 0.0103806228373702 0.0103806228373702 0.0103806228373702 0.0103806228373702 0.0103806228373702 0.0103806228373702 0.0103806228373702 0.00346020761245675 0 0 0 0 0 0 0 0.00346020761245675 0.00346020761245675 0.00346020761245675 0.00346020761245675 0.00346020761245675 0.00346020761245675 0.00346020761245675 0.00346020761245675 0.00346020761245675 0.00346020761245675 0.00346020761245675 0.00346020761245675 0.00346020761245675 0.00346020761245675 0.00346020761245675
0 0 0 0 0 0 0 0 0 0 0 0 0 0 0 0 0 0 0 0 0 0 0 0.0069204152249135 0.0103806228373702 0.0103806228373702 0.0103806228373702 0.0103806228373702 0.0103806228373702 0.0103806228373702 0.0103806228373702 0.0103806228373702 0.0103806228373702 0.0103806228373702 0.0103806228373702 0.0103806228373702 0.0103806228373702 0.0103806228373702 0.0103806228373702 0.0103806228373702 0.00346020761245675 0 0 0 0 0 0 0 0.00346020761245675 0.00346020761245675 0.00346020761245675 0.00346020761245675 0.00346020761245675 0.00346020761245675 0.00346020761245675 0.00346020761245675 0.00346020761245675 0.00346020761245675 0.00346020761245675 0.00346020761245675 0.00346020761245675 0.00346020761245675 0.00346020761245675
0 0 0 0 0 0 0 0 0 0 0 0 0 0 0 0 0 0 0 0 0 0 0 0.0069204152249135 0.0103806228373702 0.0103806228373702 0.0103806228373702 0.0103806228373702 0.0103806228373702 0.0103806228373702 0.0103806228373702 0.0103806228373702 0.0103806228373702 0.0103806228373702 0.0103806228373702 0.0103806228373702 0.0103806228373702 0.0103806228373702 0.0103806228373702 0.0103806228373702 0.00346020761245675 0 0 0 0 0 0 0 0.00346020761245675 0.00346020761245675 0.00346020761245675 0.00346020761245675 0.00346020761245675 0.00346020761245675 0.00346020761245675 0.00346020761245675 0.00346020761245675 0.00346020761245675 0.00346020761245675 0.00346020761245675 0.00346020761245675 0.00346020761245675 0.00346020761245675
0 0 0 0 0 0 0 0 0 0 0 0 0 0 0 0 0 0 0 0 0 0 0 0.0069204152249135 0.0103806228373702 0.0103806228373702 0.0103806228373702 0.0103806228373702 0.0103806228373702 0.0103806228373702 0.0103806228373702 0.0103806228373702 0.0103806228373702 0.0103806228373702 0.0103806228373702 0.0103806228373702 0.0103806228373702 0.0103806228373702 0.0103806228373702 0.0103806228373702 0.00346020761245675 0 0 0 0 0 0 0 0.00346020761245675 0.00346020761245675 0.00346020761245675 0.00346020761245675 0.00346020761245675 0.00346020761245675 0.00346020761245675 0.00346020761245675 0.00346020761245675 0.00346020761245675 0.00346020761245675 0.00346020761245675 0.00346020761245675 0.00346020761245675 0.00346020761245675
0 0 0 0 0 0 0 0 0 0 0 0 0 0 0 0 0 0 0 0 0 0 0 0.0069204152249135 0.0103806228373702 0.0103806228373702 0.0103806228373702 0.0103806228373702 0.0103806228373702 0.0103806228373702 0.0103806228373702 0.0103806228373702 0.0103806228373702 0.0103806228373702 0.0103806228373702 0.0103806228373702 0.0103806228373702 0.0103806228373702 0.0103806228373702 0.0103806228373702 0.00346020761245675 0 0 0 0 0 0 0 0.00346020761245675 0.00346020761245675 0.00346020761245675 0.00346020761245675 0.00346020761245675 0.00346020761245675 0.00346020761245675 0.00346020761245675 0.00346020761245675 0.00346020761245675 0.00346020761245675 0.00346020761245675 0.00346020761245675 0.00346020761245675 0.00346020761245675
0 0 0 0 0 0 0 0 0 0 0 0 0 0 0 0 0 0 0 0 0 0 0 0.0069204152249135 0.0103806228373702 0.0103806228373702 0.0103806228373702 0.0103806228373702 0.0103806228373702 0.0103806228373702 0.0103806228373702 0.0103806228373702 0.0103806228373702 0.0103806228373702 0.0103806228373702 0.0103806228373702 0.0103806228373702 0.0103806228373702 0.0103806228373702 0.0103806228373702 0.00346020761245675 0 0 0 0 0 0 0 0.00346020761245675 0.00346020761245675 0.00346020761245675 0.00346020761245675 0.00346020761245675 0.00346020761245675 0.00346020761245675 0.00346020761245675 0.00346020761245675 0.00346020761245675 0.00346020761245675 0.00346020761245675 0.00346020761245675 0.00346020761245675 0.00346020761245675
0 0 0 0 0 0 0 0 0 0 0 0 0 0 0 0 0 0 0 0 0 0 0 0.00346020761245675 0.0069204152249135 0.0069204152249135 0.0069204152249135 0.0069204152249135 0.0069204152249135 0.0069204152249135 0.0069204152249135 0.0069204152249135 0.0069204152249135 0.0069204152249135 0.0069204152249135 0.0069204152249135 0.0069204152249135 0.0069204152249135 0.0069204152249135 0.0069204152249135 0.00346020761245675 0 0 0 0 0 0 0 0.00346020761245675 0.00346020761245675 0.00346020761245675 0.00346020761245675 0.00346020761245675 0.00346020761245675 0.00346020761245675 0.00346020761245675 0.00346020761245675 0.00346020761245675 0.00346020761245675 0.00346020761245675 0.00346020761245675 0.00346020761245675 0.00346020761245675
0 0 0 0 0 0 0 0 0 0 0 0 0 0 0 0 0 0 0 0 0 0 0 0 0 0 0 0 0 0 0 0 0 0 0 0 0 0 0 0 0 0 0 0 0 0 0 0 0.00346020761245675 0.00346020761245675 0.00346020761245675 0.00346020761245675 0.00346020761245675 0.00346020761245675 0.00346020761245675 0.00346020761245675 0.00346020761245675 0.00346020761245675 0.00346020761245675 0.00346020761245675 0.00346020761245675 0.00346020761245675 0.00346020761245675
0 0 0 0 0 0 0 0 0 0 0 0 0 0 0 0 0 0 0 0 0 0 0 0 0 0 0 0 0 0 0 0 0 0 0 0 0 0 0 0 0 0 0 0 0 0 0 0 0.00346020761245675 0.00346020761245675 0.00346020761245675 0.00346020761245675 0.00346020761245675 0.00346020761245675 0.00346020761245675 0.00346020761245675 0.00346020761245675 0.00346020761245675 0.00346020761245675 0.00346020761245675 0.00346020761245675 0.00346020761245675 0.00346020761245675
0 0 0 0 0 0 0 0 0 0 0 0 0 0 0 0 0 0 0 0 0 0 0 0 0 0 0 0 0 0 0 0 0 0 0 0 0 0 0 0 0 0 0 0 0 0 0 0 0.00346020761245675 0.00346020761245675 0.00346020761245675 0.00346020761245675 0.00346020761245675 0.00346020761245675 0.00346020761245675 0.00346020761245675 0.00346020761245675 0.00346020761245675 0.00346020761245675 0.00346020761245675 0.00346020761245675 0.00346020761245675 0.00346020761245675
0 0 0 0 0 0 0 0 0 0 0 0 0 0 0 0 0 0 0 0 0 0 0 0 0 0 0 0 0 0 0 0 0 0 0 0 0 0 0 0 0 0 0 0 0 0 0 0 0 0 0 0 0 0 0 0 0 0 0 0 0 0 0
0 0 0 0 0 0 0 0 0 0 0 0 0 0 0 0 0 0 0 0 0 0 0 0 0 0 0 0 0 0 0 0 0 0 0 0 0 0 0 0 0 0 0 0 0 0 0 0 0 0 0 0 0 0 0 0 0 0 0 0 0 0 0
0 0 0 0 0 0 0 0 0 0 0 0 0 0 0 0 0 0 0 0 0 0 0 0 0 0 0 0 0 0 0 0 0 0 0 0 0 0 0 0 0 0 0 0 0 0 0 0 0 0 0 0 0 0 0 0 0 0 0 0 0 0 0
0 0 0 0 0 0 0 0 0 0 0 0 0 0 0 0 0 0 0 0 0 0 0 0 0 0 0 0 0 0 0 0 0 0 0 0 0 0 0 0 0 0 0 0 0 0 0 0 0 0 0 0 0 0 0 0 0 0 0 0 0 0 0
0 0 0 0 0 0 0 0 0 0 0 0 0 0 0 0 0 0 0 0 0 0 0 0 0 0 0 0 0 0 0 0 0 0 0 0 0 0 0 0 0 0 0 0 0 0 0 0 0 0 0 0 0 0 0 0 0 0 0 0 0 0 0
