Maxent_test_maps/Proportion/hab_3.asc
NCOLS 385 
NROWS 303 
XLLCORNER 268220.725019301 
YLLCORNER 743137.81817112 
CELLSIZE 114 
NODATA_value -9999 
[rows 200 to 219 of 303, columns 308 to 351 of 385]
0.591695501730104 0.598615916955017 0.605536332179931 0.612456747404844 0.608996539792388 0.629757785467128 0.647058823529412 0.667820069204152 0.678200692041522 0.678200692041522 0.660899653979239 0.643598615916955 0.629757785467128 0.612456747404844 0.622837370242215 0.612456747404844 0.608996539792388 0.598615916955017 0.605536332179931 0.608996539792388 0.615916955017301 0.626297577854671 0.629757785467128 0.636678200692042 0.640138408304498 0.653979238754325 0.660899653979239 0.671280276816609 0.681660899653979 0.698961937716263 0.719723183391003 0.72318339100346 0.750865051903114 0.771626297577855 0.788927335640138 0.806228373702422 0.820069204152249 0.826989619377163 0.833910034602076 0.830449826989619 0.816608996539792 0.809688581314879 0.799307958477509 0.788927335640138
0.612456747404844 0.612456747404844 0.619377162629758 0.626297577854671 0.626297577854671 0.650519031141868 0.671280276816609 0.692041522491349 0.70242214532872 0.698961937716263 0.685121107266436 0.667820069204152 0.647058823529412 0.629757785467128 0.640138408304498 0.626297577854671 0.619377162629758 0.605536332179931 0.612456747404844 0.612456747404844 0.615916955017301 0.626297577854671 0.629757785467128 0.633217993079585 0.636678200692042 0.650519031141868 0.657439446366782 0.664359861591695 0.674740484429066 0.695501730103806 0.716262975778547 0.719723183391003 0.747404844290657 0.768166089965398 0.785467128027682 0.806228373702422 0.816608996539792 0.823529411764706 0.826989619377163 0.823529411764706 0.809688581314879 0.799307958477509 0.782006920415225 0.771626297577855
0.626297577854671 0.629757785467128 0.640138408304498 0.643598615916955 0.647058823529412 0.671280276816609 0.688581314878893 0.70242214532872 0.705882352941177 0.70242214532872 0.692041522491349 0.674740484429066 0.657439446366782 0.640138408304498 0.650519031141868 0.633217993079585 0.622837370242215 0.605536332179931 0.612456747404844 0.608996539792388 0.612456747404844 0.622837370242215 0.626297577854671 0.633217993079585 0.640138408304498 0.657439446366782 0.664359861591695 0.667820069204152 0.678200692041522 0.695501730103806 0.716262975778547 0.719723183391003 0.747404844290657 0.768166089965398 0.788927335640138 0.806228373702422 0.813148788927336 0.820069204152249 0.823529411764706 0.816608996539792 0.802768166089965 0.788927335640138 0.775086505190311 0.761245674740484
0.622837370242215 0.629757785467128 0.643598615916955 0.650519031141868 0.653979238754325 0.678200692041522 0.692041522491349 0.70242214532872 0.705882352941177 0.70242214532872 0.688581314878893 0.674740484429066 0.657439446366782 0.640138408304498 0.650519031141868 0.629757785467128 0.619377162629758 0.602076124567474 0.605536332179931 0.598615916955017 0.598615916955017 0.608996539792388 0.612456747404844 0.622837370242215 0.633217993079585 0.650519031141868 0.664359861591695 0.671280276816609 0.678200692041522 0.695501730103806 0.716262975778547 0.719723183391003 0.747404844290657 0.768166089965398 0.788927335640138 0.806228373702422 0.813148788927336 0.816608996539792 0.823529411764706 0.816608996539792 0.802768166089965 0.792387543252595 0.782006920415225 0.768166089965398
0.619377162629758 0.629757785467128 0.636678200692042 0.643598615916955 0.647058823529412 0.664359861591695 0.674740484429066 0.685121107266436 0.692041522491349 0.692041522491349 0.678200692041522 0.664359861591695 0.647058823529412 0.629757785467128 0.640138408304498 0.622837370242215 0.619377162629758 0.605536332179931 0.608996539792388 0.605536332179931 0.605536332179931 0.615916955017301 0.622837370242215 0.633217993079585 0.643598615916955 0.660899653979239 0.671280276816609 0.674740484429066 0.681660899653979 0.698961937716263 0.719723183391003 0.72318339100346 0.747404844290657 0.761245674740484 0.782006920415225 0.795847750865052 0.802768166089965 0.802768166089965 0.809688581314879 0.802768166089965 0.788927335640138 0.778546712802768 0.771626297577855 0.764705882352941
0.602076124567474 0.612456747404844 0.619377162629758 0.626297577854671 0.629757785467128 0.643598615916955 0.653979238754325 0.664359861591695 0.671280276816609 0.667820069204152 0.650519031141868 0.636678200692042 0.619377162629758 0.602076124567474 0.605536332179931 0.588235294117647 0.588235294117647 0.577854671280277 0.581314878892734 0.577854671280277 0.577854671280277 0.591695501730104 0.602076124567474 0.612456747404844 0.626297577854671 0.647058823529412 0.657439446366782 0.664359861591695 0.671280276816609 0.688581314878893 0.71280276816609 0.72318339100346 0.747404844290657 0.761245674740484 0.782006920415225 0.795847750865052 0.802768166089965 0.802768166089965 0.809688581314879 0.799307958477509 0.785467128027682 0.775086505190311 0.768166089965398 0.768166089965398
0.608996539792388 0.619377162629758 0.619377162629758 0.626297577854671 0.629757785467128 0.636678200692042 0.643598615916955 0.653979238754325 0.660899653979239 0.657439446366782 0.640138408304498 0.622837370242215 0.605536332179931 0.58477508650519 0.581314878892734 0.56401384083045 0.567474048442907 0.557093425605536 0.560553633217993 0.560553633217993 0.560553633217993 0.577854671280277 0.591695501730104 0.602076124567474 0.612456747404844 0.629757785467128 0.640138408304498 0.647058823529412 0.653979238754325 0.667820069204152 0.695501730103806 0.709342560553633 0.73356401384083 0.743944636678201 0.764705882352941 0.778546712802768 0.785467128027682 0.782006920415225 0.785467128027682 0.775086505190311 0.764705882352941 0.757785467128028 0.754325259515571 0.754325259515571
0.608996539792388 0.622837370242215 0.626297577854671 0.626297577854671 0.626297577854671 0.629757785467128 0.629757785467128 0.640138408304498 0.650519031141868 0.647058823529412 0.626297577854671 0.605536332179931 0.58477508650519 0.56401384083045 0.560553633217993 0.546712802768166 0.55363321799308 0.539792387543253 0.539792387543253 0.539792387543253 0.543252595155709 0.56401384083045 0.577854671280277 0.591695501730104 0.598615916955017 0.615916955017301 0.633217993079585 0.643598615916955 0.653979238754325 0.671280276816609 0.698961937716263 0.71280276816609 0.73356401384083 0.740484429065744 0.764705882352941 0.778546712802768 0.785467128027682 0.778546712802768 0.782006920415225 0.768166089965398 0.754325259515571 0.747404844290657 0.740484429065744 0.73356401384083
0.619377162629758 0.633217993079585 0.629757785467128 0.622837370242215 0.622837370242215 0.622837370242215 0.622837370242215 0.629757785467128 0.643598615916955 0.640138408304498 0.619377162629758 0.595155709342561 0.570934256055363 0.550173010380623 0.546712802768166 0.536332179930796 0.543252595155709 0.525951557093426 0.529411764705882 0.532871972318339 0.539792387543253 0.560553633217993 0.57439446366782 0.581314878892734 0.588235294117647 0.605536332179931 0.626297577854671 0.636678200692042 0.650519031141868 0.667820069204152 0.695501730103806 0.709342560553633 0.730103806228374 0.737024221453287 0.764705882352941 0.775086505190311 0.782006920415225 0.775086505190311 0.778546712802768 0.761245674740484 0.750865051903114 0.740484429065744 0.726643598615917 0.719723183391003
0.629757785467128 0.643598615916955 0.636678200692042 0.626297577854671 0.626297577854671 0.622837370242215 0.622837370242215 0.626297577854671 0.636678200692042 0.636678200692042 0.619377162629758 0.598615916955017 0.57439446366782 0.55363321799308 0.55363321799308 0.546712802768166 0.55363321799308 0.539792387543253 0.543252595155709 0.546712802768166 0.55363321799308 0.570934256055363 0.58477508650519 0.588235294117647 0.595155709342561 0.619377162629758 0.633217993079585 0.640138408304498 0.653979238754325 0.671280276816609 0.698961937716263 0.71280276816609 0.73356401384083 0.740484429065744 0.768166089965398 0.778546712802768 0.785467128027682 0.778546712802768 0.782006920415225 0.764705882352941 0.754325259515571 0.740484429065744 0.719723183391003 0.71280276816609
0.636678200692042 0.647058823529412 0.640138408304498 0.629757785467128 0.629757785467128 0.626297577854671 0.619377162629758 0.619377162629758 0.629757785467128 0.629757785467128 0.615916955017301 0.598615916955017 0.57439446366782 0.560553633217993 0.56401384083045 0.560553633217993 0.56401384083045 0.55363321799308 0.557093425605536 0.560553633217993 0.567474048442907 0.58477508650519 0.598615916955017 0.608996539792388 0.619377162629758 0.640138408304498 0.647058823529412 0.653979238754325 0.667820069204152 0.685121107266436 0.709342560553633 0.72318339100346 0.743944636678201 0.754325259515571 0.778546712802768 0.788927335640138 0.795847750865052 0.788927335640138 0.788927335640138 0.771626297577855 0.757785467128028 0.740484429065744 0.719723183391003 0.71280276816609
0.657439446366782 0.664359861591695 0.653979238754325 0.640138408304498 0.636678200692042 0.629757785467128 0.619377162629758 0.619377162629758 0.633217993079585 0.633217993079585 0.619377162629758 0.605536332179931 0.58477508650519 0.57439446366782 0.581314878892734 0.577854671280277 0.581314878892734 0.570934256055363 0.570934256055363 0.577854671280277 0.58477508650519 0.598615916955017 0.612456747404844 0.629757785467128 0.643598615916955 0.660899653979239 0.664359861591695 0.664359861591695 0.674740484429066 0.688581314878893 0.71280276816609 0.72318339100346 0.740484429065744 0.750865051903114 0.775086505190311 0.788927335640138 0.795847750865052 0.788927335640138 0.792387543252595 0.778546712802768 0.761245674740484 0.737024221453287 0.71280276816609 0.70242214532872
0.678200692041522 0.678200692041522 0.664359861591695 0.647058823529412 0.640138408304498 0.633217993079585 0.619377162629758 0.615916955017301 0.629757785467128 0.629757785467128 0.619377162629758 0.612456747404844 0.595155709342561 0.58477508650519 0.588235294117647 0.588235294117647 0.591695501730104 0.581314878892734 0.58477508650519 0.595155709342561 0.602076124567474 0.615916955017301 0.633217993079585 0.653979238754325 0.671280276816609 0.688581314878893 0.688581314878893 0.681660899653979 0.685121107266436 0.695501730103806 0.716262975778547 0.730103806228374 0.743944636678201 0.750865051903114 0.775086505190311 0.785467128027682 0.792387543252595 0.785467128027682 0.788927335640138 0.775086505190311 0.757785467128028 0.730103806228374 0.698961937716263 0.685121107266436
0.667820069204152 0.664359861591695 0.650519031141868 0.633217993079585 0.622837370242215 0.612456747404844 0.605536332179931 0.608996539792388 0.626297577854671 0.629757785467128 0.622837370242215 0.612456747404844 0.595155709342561 0.581314878892734 0.588235294117647 0.588235294117647 0.591695501730104 0.581314878892734 0.58477508650519 0.595155709342561 0.605536332179931 0.622837370242215 0.647058823529412 0.667820069204152 0.681660899653979 0.695501730103806 0.688581314878893 0.678200692041522 0.685121107266436 0.692041522491349 0.71280276816609 0.730103806228374 0.740484429065744 0.743944636678201 0.768166089965398 0.778546712802768 0.785467128027682 0.775086505190311 0.775086505190311 0.757785467128028 0.740484429065744 0.716262975778547 0.685121107266436 0.674740484429066
0.664359861591695 0.660899653979239 0.647058823529412 0.629757785467128 0.615916955017301 0.605536332179931 0.605536332179931 0.608996539792388 0.626297577854671 0.633217993079585 0.626297577854671 0.615916955017301 0.595155709342561 0.577854671280277 0.58477508650519 0.58477508650519 0.588235294117647 0.581314878892734 0.581314878892734 0.591695501730104 0.605536332179931 0.629757785467128 0.657439446366782 0.678200692041522 0.695501730103806 0.709342560553633 0.698961937716263 0.692041522491349 0.70242214532872 0.71280276816609 0.740484429065744 0.754325259515571 0.764705882352941 0.764705882352941 0.785467128027682 0.799307958477509 0.806228373702422 0.795847750865052 0.792387543252595 0.771626297577855 0.750865051903114 0.72318339100346 0.692041522491349 0.681660899653979
0.664359861591695 0.660899653979239 0.643598615916955 0.626297577854671 0.612456747404844 0.598615916955017 0.598615916955017 0.605536332179931 0.626297577854671 0.640138408304498 0.633217993079585 0.619377162629758 0.595155709342561 0.581314878892734 0.588235294117647 0.591695501730104 0.598615916955017 0.595155709342561 0.598615916955017 0.608996539792388 0.626297577854671 0.653979238754325 0.685121107266436 0.709342560553633 0.730103806228374 0.740484429065744 0.726643598615917 0.72318339100346 0.737024221453287 0.747404844290657 0.771626297577855 0.778546712802768 0.785467128027682 0.782006920415225 0.795847750865052 0.806228373702422 0.816608996539792 0.806228373702422 0.799307958477509 0.775086505190311 0.750865051903114 0.719723183391003 0.688581314878893 0.678200692041522
0.695501730103806 0.688581314878893 0.667820069204152 0.647058823529412 0.629757785467128 0.612456747404844 0.608996539792388 0.612456747404844 0.633217993079585 0.647058823529412 0.640138408304498 0.626297577854671 0.602076124567474 0.591695501730104 0.598615916955017 0.605536332179931 0.612456747404844 0.612456747404844 0.619377162629758 0.633217993079585 0.653979238754325 0.685121107266436 0.719723183391003 0.743944636678201 0.764705882352941 0.771626297577855 0.761245674740484 0.757785467128028 0.775086505190311 0.785467128027682 0.806228373702422 0.813148788927336 0.813148788927336 0.806228373702422 0.816608996539792 0.823529411764706 0.830449826989619 0.816608996539792 0.806228373702422 0.778546712802768 0.754325259515571 0.72318339100346 0.692041522491349 0.674740484429066
0.716262975778547 0.709342560553633 0.688581314878893 0.664359861591695 0.643598615916955 0.622837370242215 0.615916955017301 0.619377162629758 0.640138408304498 0.653979238754325 0.650519031141868 0.640138408304498 0.619377162629758 0.608996539792388 0.615916955017301 0.622837370242215 0.636678200692042 0.636678200692042 0.643598615916955 0.657439446366782 0.678200692041522 0.709342560553633 0.743944636678201 0.768166089965398 0.788927335640138 0.792387543252595 0.785467128027682 0.782006920415225 0.792387543252595 0.799307958477509 0.820069204152249 0.826989619377163 0.826989619377163 0.816608996539792 0.823529411764706 0.823529411764706 0.823529411764706 0.809688581314879 0.799307958477509 0.771626297577855 0.747404844290657 0.719723183391003 0.695501730103806 0.674740484429066
0.730103806228374 0.730103806228374 0.709342560553633 0.692041522491349 0.671280276816609 0.650519031141868 0.640138408304498 0.640138408304498 0.660899653979239 0.674740484429066 0.671280276816609 0.664359861591695 0.647058823529412 0.633217993079585 0.636678200692042 0.643598615916955 0.657439446366782 0.657439446366782 0.664359861591695 0.681660899653979 0.70242214532872 0.730103806228374 0.761245674740484 0.785467128027682 0.806228373702422 0.806228373702422 0.799307958477509 0.792387543252595 0.799307958477509 0.802768166089965 0.823529411764706 0.830449826989619 0.830449826989619 0.820069204152249 0.826989619377163 0.823529411764706 0.820069204152249 0.806228373702422 0.795847750865052 0.768166089965398 0.747404844290657 0.72318339100346 0.705882352941177 0.688581314878893
0.740484429065744 0.740484429065744 0.719723183391003 0.705882352941177 0.688581314878893 0.667820069204152 0.657439446366782 0.660899653979239 0.685121107266436 0.698961937716263 0.692041522491349 0.685121107266436 0.667820069204152 0.650519031141868 0.650519031141868 0.657439446366782 0.671280276816609 0.674740484429066 0.681660899653979 0.698961937716263 0.719723183391003 0.743944636678201 0.771626297577855 0.792387543252595 0.809688581314879 0.806228373702422 0.799307958477509 0.795847750865052 0.802768166089965 0.806228373702422 0.830449826989619 0.837370242214533 0.837370242214533 0.826989619377163 0.830449826989619 0.826989619377163 0.826989619377163 0.809688581314879 0.802768166089965 0.778546712802768 0.761245674740484 0.740484429065744 0.72318339100346 0.709342560553633
