Maxent_test_maps/Proportion/hab_4.asc
NCOLS 385 
NROWS 303 
XLLCORNER 268220.725019301 
YLLCORNER 743137.81817112 
CELLSIZE 114 
NODATA_value -9999 
[rows 280 to 299 of 303, columns 90 to 134 of 385]
0.131487889273356 0.1280276816609 0.1280276816609 0.117647058823529 0.107266435986159 0.0899653979238754 0.0830449826989619 0.0795847750865052 0.069204152249135 0.0657439446366782 0.0795847750865052 0.0934256055363322 0.0865051903114187 0.0761245674740484 0.069204152249135 0.0657439446366782 0.0657439446366782 0.0795847750865052 0.0795847750865052 0.0830449826989619 0.0830449826989619 0.0830449826989619 0.0865051903114187 0.0865051903114187 0.0865051903114187 0.0899653979238754 0.0795847750865052 0.0622837370242214 0.0449826989619377 0.041522491349481 0.0346020761245675 0.0311418685121107 0.0311418685121107 0.0380622837370242 0.0311418685121107 0.0449826989619377 0.0588235294117647 0.0726643598615917 0.0795847750865052 0.0761245674740484 0.0865051903114187 0.0934256055363322 0.100346020761246 0.103806228373702 0.114186851211073
0.121107266435986 0.117647058823529 0.117647058823529 0.107266435986159 0.0968858131487889 0.0795847750865052 0.0726643598615917 0.069204152249135 0.0588235294117647 0.055363321799308 0.0761245674740484 0.0934256055363322 0.0865051903114187 0.0761245674740484 0.0726643598615917 0.069204152249135 0.069204152249135 0.0830449826989619 0.0830449826989619 0.0865051903114187 0.0865051903114187 0.0865051903114187 0.0934256055363322 0.0968858131487889 0.0968858131487889 0.100346020761246 0.0899653979238754 0.0726643598615917 0.0588235294117647 0.055363321799308 0.0484429065743945 0.0484429065743945 0.0519031141868512 0.0588235294117647 0.0519031141868512 0.069204152249135 0.0865051903114187 0.103806228373702 0.114186851211073 0.107266435986159 0.114186851211073 0.124567474048443 0.131487889273356 0.134948096885813 0.145328719723183
0.110726643598616 0.107266435986159 0.107266435986159 0.0968858131487889 0.0865051903114187 0.0726643598615917 0.0657439446366782 0.0622837370242214 0.0519031141868512 0.0484429065743945 0.0726643598615917 0.0934256055363322 0.0865051903114187 0.0795847750865052 0.0795847750865052 0.0761245674740484 0.0761245674740484 0.0899653979238754 0.0899653979238754 0.0934256055363322 0.0934256055363322 0.0934256055363322 0.100346020761246 0.103806228373702 0.103806228373702 0.107266435986159 0.0968858131487889 0.0761245674740484 0.0622837370242214 0.0588235294117647 0.0519031141868512 0.055363321799308 0.0622837370242214 0.0726643598615917 0.0657439446366782 0.0830449826989619 0.103806228373702 0.121107266435986 0.131487889273356 0.124567474048443 0.134948096885813 0.145328719723183 0.152249134948097 0.155709342560554 0.166089965397924
0.103806228373702 0.100346020761246 0.100346020761246 0.0899653979238754 0.0795847750865052 0.0657439446366782 0.0588235294117647 0.055363321799308 0.0449826989619377 0.0449826989619377 0.0726643598615917 0.0968858131487889 0.0934256055363322 0.0934256055363322 0.0968858131487889 0.0934256055363322 0.0934256055363322 0.107266435986159 0.107266435986159 0.110726643598616 0.110726643598616 0.110726643598616 0.117647058823529 0.121107266435986 0.121107266435986 0.124567474048443 0.110726643598616 0.0865051903114187 0.0726643598615917 0.069204152249135 0.0588235294117647 0.0657439446366782 0.0761245674740484 0.0899653979238754 0.0830449826989619 0.103806228373702 0.1280276816609 0.145328719723183 0.155709342560554 0.14878892733564 0.162629757785467 0.173010380622837 0.183391003460208 0.190311418685121 0.204152249134948
0.0934256055363322 0.0899653979238754 0.0899653979238754 0.0795847750865052 0.069204152249135 0.0588235294117647 0.0519031141868512 0.0484429065743945 0.0380622837370242 0.0380622837370242 0.0657439446366782 0.0899653979238754 0.0899653979238754 0.0934256055363322 0.0968858131487889 0.0934256055363322 0.0934256055363322 0.107266435986159 0.110726643598616 0.117647058823529 0.117647058823529 0.117647058823529 0.124567474048443 0.124567474048443 0.1280276816609 0.134948096885813 0.124567474048443 0.100346020761246 0.0899653979238754 0.0899653979238754 0.0795847750865052 0.0865051903114187 0.100346020761246 0.114186851211073 0.107266435986159 0.1280276816609 0.152249134948097 0.173010380622837 0.183391003460208 0.179930795847751 0.197231833910035 0.204152249134948 0.214532871972318 0.221453287197232 0.238754325259516
0.0795847750865052 0.0761245674740484 0.0761245674740484 0.0657439446366782 0.0588235294117647 0.0519031141868512 0.0449826989619377 0.041522491349481 0.0346020761245675 0.0380622837370242 0.0657439446366782 0.0934256055363322 0.0968858131487889 0.100346020761246 0.103806228373702 0.103806228373702 0.103806228373702 0.117647058823529 0.124567474048443 0.134948096885813 0.13840830449827 0.13840830449827 0.145328719723183 0.145328719723183 0.14878892733564 0.152249134948097 0.141868512110727 0.117647058823529 0.103806228373702 0.103806228373702 0.0968858131487889 0.107266435986159 0.124567474048443 0.141868512110727 0.134948096885813 0.155709342560554 0.179930795847751 0.200692041522491 0.211072664359862 0.211072664359862 0.228373702422145 0.235294117647059 0.249134948096886 0.256055363321799 0.273356401384083
0.069204152249135 0.0657439446366782 0.0657439446366782 0.055363321799308 0.0484429065743945 0.041522491349481 0.0311418685121107 0.027681660899654 0.0242214532871972 0.0346020761245675 0.0622837370242214 0.0934256055363322 0.103806228373702 0.110726643598616 0.114186851211073 0.117647058823529 0.117647058823529 0.1280276816609 0.13840830449827 0.14878892733564 0.152249134948097 0.155709342560554 0.15916955017301 0.15916955017301 0.162629757785467 0.162629757785467 0.152249134948097 0.131487889273356 0.117647058823529 0.114186851211073 0.110726643598616 0.124567474048443 0.145328719723183 0.166089965397924 0.162629757785467 0.179930795847751 0.204152249134948 0.224913494809689 0.235294117647059 0.238754325259516 0.256055363321799 0.262975778546713 0.280276816608997 0.28719723183391 0.301038062283737
0.0726643598615917 0.069204152249135 0.069204152249135 0.0622837370242214 0.055363321799308 0.0449826989619377 0.0311418685121107 0.027681660899654 0.027681660899654 0.041522491349481 0.069204152249135 0.100346020761246 0.110726643598616 0.117647058823529 0.121107266435986 0.124567474048443 0.124567474048443 0.131487889273356 0.141868512110727 0.152249134948097 0.155709342560554 0.15916955017301 0.162629757785467 0.162629757785467 0.166089965397924 0.162629757785467 0.14878892733564 0.1280276816609 0.114186851211073 0.114186851211073 0.114186851211073 0.131487889273356 0.152249134948097 0.173010380622837 0.173010380622837 0.190311418685121 0.214532871972318 0.235294117647059 0.245674740484429 0.249134948096886 0.26643598615917 0.273356401384083 0.294117647058824 0.301038062283737 0.314878892733564
0.0899653979238754 0.0865051903114187 0.0865051903114187 0.0795847750865052 0.069204152249135 0.0588235294117647 0.0449826989619377 0.0449826989619377 0.0484429065743945 0.0622837370242214 0.0899653979238754 0.117647058823529 0.124567474048443 0.131487889273356 0.134948096885813 0.13840830449827 0.13840830449827 0.145328719723183 0.155709342560554 0.166089965397924 0.169550173010381 0.173010380622837 0.176470588235294 0.176470588235294 0.176470588235294 0.169550173010381 0.152249134948097 0.1280276816609 0.114186851211073 0.117647058823529 0.121107266435986 0.141868512110727 0.162629757785467 0.183391003460208 0.183391003460208 0.200692041522491 0.224913494809689 0.245674740484429 0.256055363321799 0.259515570934256 0.27681660899654 0.283737024221453 0.304498269896194 0.314878892733564 0.332179930795848
0.103806228373702 0.100346020761246 0.100346020761246 0.0899653979238754 0.0761245674740484 0.0657439446366782 0.0519031141868512 0.0519031141868512 0.055363321799308 0.0657439446366782 0.0968858131487889 0.121107266435986 0.1280276816609 0.13840830449827 0.141868512110727 0.145328719723183 0.145328719723183 0.14878892733564 0.15916955017301 0.169550173010381 0.173010380622837 0.176470588235294 0.179930795847751 0.179930795847751 0.179930795847751 0.173010380622837 0.155709342560554 0.1280276816609 0.117647058823529 0.121107266435986 0.1280276816609 0.152249134948097 0.176470588235294 0.200692041522491 0.200692041522491 0.221453287197232 0.245674740484429 0.26643598615917 0.27681660899654 0.280276816608997 0.29757785467128 0.304498269896194 0.328719723183391 0.342560553633218 0.363321799307958
0.107266435986159 0.103806228373702 0.103806228373702 0.0899653979238754 0.0761245674740484 0.0657439446366782 0.055363321799308 0.055363321799308 0.0588235294117647 0.069204152249135 0.100346020761246 0.124567474048443 0.131487889273356 0.141868512110727 0.145328719723183 0.145328719723183 0.145328719723183 0.145328719723183 0.155709342560554 0.166089965397924 0.169550173010381 0.173010380622837 0.176470588235294 0.176470588235294 0.176470588235294 0.169550173010381 0.152249134948097 0.124567474048443 0.117647058823529 0.124567474048443 0.134948096885813 0.162629757785467 0.193771626297578 0.221453287197232 0.221453287197232 0.245674740484429 0.269896193771626 0.290657439446367 0.301038062283737 0.307958477508651 0.325259515570934 0.335640138408304 0.363321799307958 0.380622837370242 0.401384083044983
0.106617647058824 0.102941176470588 0.102941176470588 0.0882352941176471 0.0735294117647059 0.0625 0.0551470588235294 0.0551470588235294 0.0625 0.0735294117647059 0.106617647058824 0.128676470588235 0.132352941176471 0.139705882352941 0.139705882352941 0.139705882352941 0.139705882352941 0.139705882352941 0.150735294117647 0.161764705882353 0.165441176470588 0.169117647058824 0.172794117647059 0.172794117647059 0.172794117647059 0.165441176470588 0.147058823529412 0.117647058823529 0.113970588235294 0.128205128205128 0.145985401459854 0.181818181818182 0.217391304347826 0.249097472924188 0.248201438848921 0.275985663082437 0.3 0.320284697508897 0.329787234042553 0.339222614840989 0.359154929577465 0.371929824561403 0.402097902097902 0.421602787456446 0.444444444444444
0.101960784313725 0.0980392156862745 0.0980392156862745 0.0823529411764706 0.0666666666666667 0.0549019607843137 0.0470588235294118 0.0509803921568627 0.0627450980392157 0.0745098039215686 0.105882352941176 0.125490196078431 0.129411764705882 0.133333333333333 0.133333333333333 0.133333333333333 0.133333333333333 0.133333333333333 0.145098039215686 0.152941176470588 0.156862745098039 0.16078431372549 0.164705882352941 0.164705882352941 0.164705882352941 0.156862745098039 0.141176470588235 0.113725490196078 0.113725490196078 0.12890625 0.151750972762646 0.189922480620155 0.227799227799228 0.261538461538462 0.256704980842912 0.282442748091603 0.307984790874525 0.325757575757576 0.335849056603774 0.345864661654135 0.367041198501873 0.380597014925373 0.408921933085502 0.42962962962963 0.453874538745387
0.092436974789916 0.0882352941176471 0.0882352941176471 0.0714285714285714 0.0588235294117647 0.0504201680672269 0.046218487394958 0.0504201680672269 0.0630252100840336 0.0756302521008403 0.105042016806723 0.126050420168067 0.130252100840336 0.134453781512605 0.134453781512605 0.134453781512605 0.134453781512605 0.130252100840336 0.142857142857143 0.151260504201681 0.15546218487395 0.159663865546218 0.163865546218487 0.163865546218487 0.163865546218487 0.15546218487395 0.142857142857143 0.117647058823529 0.117647058823529 0.133891213389121 0.158333333333333 0.199170124481328 0.239669421487603 0.275720164609054 0.274590163934426 0.297959183673469 0.321138211382114 0.336032388663968 0.346774193548387 0.357429718875502 0.376 0.386454183266932 0.412698412698413 0.434782608695652 0.460629921259843
0.085972850678733 0.081447963800905 0.081447963800905 0.0633484162895928 0.0542986425339367 0.0497737556561086 0.0407239819004525 0.0452488687782805 0.0633484162895928 0.0723981900452489 0.0995475113122172 0.122171945701357 0.126696832579186 0.131221719457014 0.131221719457014 0.131221719457014 0.131221719457014 0.126696832579186 0.14027149321267 0.149321266968326 0.153846153846154 0.158371040723982 0.16289592760181 0.167420814479638 0.167420814479638 0.158371040723982 0.149321266968326 0.126696832579186 0.126696832579186 0.144144144144144 0.170403587443946 0.214285714285714 0.253333333333333 0.287610619469027 0.281938325991189 0.302631578947368 0.323144104803493 0.334782608695652 0.346320346320346 0.357758620689655 0.373390557939914 0.38034188034188 0.408510638297872 0.432203389830508 0.455696202531646
0.0931372549019608 0.0882352941176471 0.0882352941176471 0.0686274509803922 0.0588235294117647 0.053921568627451 0.0441176470588235 0.0490196078431373 0.0686274509803922 0.0784313725490196 0.102941176470588 0.122549019607843 0.127450980392157 0.132352941176471 0.132352941176471 0.132352941176471 0.132352941176471 0.127450980392157 0.142156862745098 0.151960784313725 0.156862745098039 0.161764705882353 0.166666666666667 0.17156862745098 0.17156862745098 0.161764705882353 0.151960784313725 0.132352941176471 0.137254901960784 0.15609756097561 0.184466019417476 0.231884057971014 0.274038461538462 0.311004784688995 0.304761904761905 0.322274881516588 0.339622641509434 0.347417840375587 0.35981308411215 0.372093023255814 0.384259259259259 0.391705069124424 0.41743119266055 0.442922374429224 0.468181818181818
0.0962566844919786 0.0909090909090909 0.0909090909090909 0.0748663101604278 0.0641711229946524 0.0588235294117647 0.0481283422459893 0.053475935828877 0.0748663101604278 0.0855614973262032 0.106951871657754 0.122994652406417 0.128342245989305 0.133689839572193 0.133689839572193 0.133689839572193 0.133689839572193 0.128342245989305 0.144385026737968 0.155080213903743 0.160427807486631 0.165775401069519 0.171122994652406 0.176470588235294 0.176470588235294 0.165775401069519 0.155080213903743 0.13903743315508 0.149732620320856 0.170212765957447 0.201058201058201 0.252631578947368 0.298429319371728 0.338541666666667 0.33160621761658 0.350515463917526 0.364102564102564 0.372448979591837 0.380710659898477 0.393939393939394 0.402010050251256 0.41 0.437810945273632 0.46039603960396 0.482758620689655
0.1 0.1 0.1 0.0823529411764706 0.0705882352941176 0.0647058823529412 0.0529411764705882 0.0588235294117647 0.0823529411764706 0.0941176470588235 0.117647058823529 0.129411764705882 0.135294117647059 0.141176470588235 0.141176470588235 0.141176470588235 0.141176470588235 0.135294117647059 0.152941176470588 0.164705882352941 0.170588235294118 0.176470588235294 0.182352941176471 0.188235294117647 0.188235294117647 0.176470588235294 0.164705882352941 0.147058823529412 0.164705882352941 0.187134502923977 0.22093023255814 0.277456647398844 0.327586206896552 0.365714285714286 0.357954545454545 0.378531073446328 0.393258426966292 0.402234636871508 0.405555555555556 0.419889502762431 0.428571428571429 0.437158469945355 0.467391304347826 0.491891891891892 0.510752688172043
0.111111111111111 0.111111111111111 0.111111111111111 0.0915032679738562 0.0784313725490196 0.0718954248366013 0.0588235294117647 0.065359477124183 0.0915032679738562 0.104575163398693 0.124183006535948 0.137254901960784 0.143790849673203 0.150326797385621 0.150326797385621 0.150326797385621 0.150326797385621 0.143790849673203 0.163398692810458 0.176470588235294 0.183006535947712 0.189542483660131 0.189542483660131 0.189542483660131 0.189542483660131 0.176470588235294 0.163398692810458 0.143790849673203 0.156862745098039 0.181818181818182 0.219354838709677 0.275641025641026 0.32484076433121 0.367088607594937 0.358490566037736 0.375 0.385093167701863 0.388888888888889 0.386503067484663 0.408536585365854 0.424242424242424 0.427710843373494 0.461077844311377 0.488095238095238 0.50887573964497
0.125 0.125 0.125 0.102941176470588 0.0882352941176471 0.0808823529411765 0.0661764705882353 0.0735294117647059 0.102941176470588 0.117647058823529 0.132352941176471 0.139705882352941 0.147058823529412 0.154411764705882 0.154411764705882 0.154411764705882 0.154411764705882 0.147058823529412 0.169117647058824 0.183823529411765 0.191176470588235 0.198529411764706 0.198529411764706 0.198529411764706 0.198529411764706 0.183823529411765 0.169117647058824 0.154411764705882 0.169117647058824 0.197080291970803 0.239130434782609 0.294964028776978 0.342857142857143 0.382978723404255 0.373239436619718 0.391608391608392 0.395833333333333 0.4 0.397260273972603 0.421768707482993 0.432432432432432 0.436241610738255 0.473333333333333 0.503311258278146 0.526315789473684
