Maxent_test_maps/Proportion/hab_3.asc
NCOLS 385 
NROWS 303 
XLLCORNER 268220.725019301 
YLLCORNER 743137.81817112 
CELLSIZE 114 
NODATA_value -9999 
[rows 200 to 219 of 303, columns 0 to 43 of 385]
0.617647058823529 0.627450980392157 0.647058823529412 0.668449197860963 0.691176470588235 0.714932126696833 0.722689075630252 0.729411764705882 0.720588235294118 0.71280276816609 0.705882352941177 0.709342560553633 0.716262975778547 0.726643598615917 0.740484429065744 0.73356401384083 0.730103806228374 0.716262975778547 0.695501730103806 0.671280276816609 0.640138408304498 0.605536332179931 0.567474048442907 0.543252595155709 0.515570934256055 0.505190311418685 0.498269896193772 0.501730103806228 0.501730103806228 0.505190311418685 0.515570934256055 0.512110726643599 0.512110726643599 0.515570934256055 0.529411764705882 0.546712802768166 0.55363321799308 0.567474048442907 0.57439446366782 0.588235294117647 0.598615916955017 0.608996539792388 0.622837370242215 0.640138408304498
0.647058823529412 0.65359477124183 0.664705882352941 0.679144385026738 0.696078431372549 0.714932126696833 0.718487394957983 0.725490196078431 0.720588235294118 0.716262975778547 0.71280276816609 0.719723183391003 0.730103806228374 0.740484429065744 0.754325259515571 0.743944636678201 0.737024221453287 0.72318339100346 0.705882352941177 0.685121107266436 0.657439446366782 0.626297577854671 0.591695501730104 0.570934256055363 0.543252595155709 0.529411764705882 0.519031141868512 0.519031141868512 0.515570934256055 0.515570934256055 0.522491349480969 0.519031141868512 0.522491349480969 0.529411764705882 0.546712802768166 0.56401384083045 0.57439446366782 0.591695501730104 0.602076124567474 0.619377162629758 0.633217993079585 0.647058823529412 0.664359861591695 0.681660899653979
0.691176470588235 0.69281045751634 0.7 0.711229946524064 0.725490196078431 0.742081447963801 0.743697478991597 0.749019607843137 0.742647058823529 0.740484429065744 0.740484429065744 0.747404844290657 0.761245674740484 0.771626297577855 0.782006920415225 0.768166089965398 0.757785467128028 0.740484429065744 0.72318339100346 0.70242214532872 0.674740484429066 0.643598615916955 0.608996539792388 0.588235294117647 0.560553633217993 0.546712802768166 0.532871972318339 0.529411764705882 0.525951557093426 0.522491349480969 0.525951557093426 0.525951557093426 0.532871972318339 0.543252595155709 0.56401384083045 0.581314878892734 0.591695501730104 0.608996539792388 0.622837370242215 0.643598615916955 0.660899653979239 0.678200692041522 0.698961937716263 0.719723183391003
0.720588235294118 0.725490196078431 0.735294117647059 0.74331550802139 0.754901960784314 0.769230769230769 0.76890756302521 0.776470588235294 0.768382352941177 0.768166089965398 0.775086505190311 0.782006920415225 0.799307958477509 0.809688581314879 0.820069204152249 0.806228373702422 0.792387543252595 0.775086505190311 0.757785467128028 0.737024221453287 0.71280276816609 0.685121107266436 0.650519031141868 0.629757785467128 0.598615916955017 0.58477508650519 0.567474048442907 0.560553633217993 0.557093425605536 0.550173010380623 0.550173010380623 0.546712802768166 0.55363321799308 0.56401384083045 0.581314878892734 0.595155709342561 0.602076124567474 0.615916955017301 0.626297577854671 0.647058823529412 0.664359861591695 0.685121107266436 0.705882352941177 0.726643598615917
0.757352941176471 0.764705882352941 0.776470588235294 0.780748663101604 0.78921568627451 0.800904977375566 0.798319327731092 0.803921568627451 0.797794117647059 0.799307958477509 0.809688581314879 0.823529411764706 0.84083044982699 0.85121107266436 0.86159169550173 0.847750865051903 0.833910034602076 0.816608996539792 0.799307958477509 0.778546712802768 0.757785467128028 0.73356401384083 0.70242214532872 0.685121107266436 0.657439446366782 0.640138408304498 0.622837370242215 0.612456747404844 0.605536332179931 0.595155709342561 0.591695501730104 0.58477508650519 0.588235294117647 0.595155709342561 0.608996539792388 0.619377162629758 0.622837370242215 0.636678200692042 0.643598615916955 0.660899653979239 0.674740484429066 0.692041522491349 0.71280276816609 0.730103806228374
0.742647058823529 0.751633986928105 0.764705882352941 0.770053475935829 0.779411764705882 0.791855203619909 0.789915966386555 0.8 0.797794117647059 0.802768166089965 0.820069204152249 0.84083044982699 0.86159169550173 0.875432525951557 0.889273356401384 0.878892733564014 0.868512110726644 0.854671280276817 0.84083044982699 0.823529411764706 0.806228373702422 0.785467128027682 0.757785467128028 0.743944636678201 0.716262975778547 0.698961937716263 0.681660899653979 0.667820069204152 0.657439446366782 0.643598615916955 0.636678200692042 0.626297577854671 0.626297577854671 0.626297577854671 0.633217993079585 0.640138408304498 0.640138408304498 0.650519031141868 0.653979238754325 0.667820069204152 0.678200692041522 0.692041522491349 0.709342560553633 0.72318339100346
0.764705882352941 0.77124183006536 0.782352941176471 0.786096256684492 0.794117647058823 0.805429864253394 0.802521008403361 0.811764705882353 0.8125 0.816608996539792 0.837370242214533 0.854671280276817 0.8719723183391 0.882352941176471 0.899653979238754 0.892733564013841 0.885813148788927 0.875432525951557 0.865051903114187 0.85121107266436 0.837370242214533 0.820069204152249 0.795847750865052 0.785467128027682 0.761245674740484 0.743944636678201 0.72318339100346 0.705882352941177 0.695501730103806 0.681660899653979 0.674740484429066 0.657439446366782 0.650519031141868 0.647058823529412 0.650519031141868 0.653979238754325 0.653979238754325 0.660899653979239 0.664359861591695 0.674740484429066 0.681660899653979 0.692041522491349 0.705882352941177 0.719723183391003
0.764705882352941 0.77124183006536 0.782352941176471 0.786096256684492 0.794117647058823 0.805429864253394 0.802521008403361 0.811764705882353 0.8125 0.820069204152249 0.844290657439446 0.86159169550173 0.878892733564014 0.885813148788927 0.903114186851211 0.899653979238754 0.896193771626298 0.889273356401384 0.882352941176471 0.8719723183391 0.86159169550173 0.847750865051903 0.826989619377163 0.820069204152249 0.795847750865052 0.778546712802768 0.757785467128028 0.737024221453287 0.72318339100346 0.709342560553633 0.70242214532872 0.685121107266436 0.681660899653979 0.678200692041522 0.678200692041522 0.678200692041522 0.674740484429066 0.681660899653979 0.678200692041522 0.685121107266436 0.688581314878893 0.70242214532872 0.716262975778547 0.72318339100346
0.735294117647059 0.745098039215686 0.758823529411765 0.764705882352941 0.769607843137255 0.782805429864253 0.781512605042017 0.792156862745098 0.797794117647059 0.809688581314879 0.833910034602076 0.85121107266436 0.8719723183391 0.878892733564014 0.899653979238754 0.903114186851211 0.903114186851211 0.903114186851211 0.899653979238754 0.892733564013841 0.885813148788927 0.878892733564014 0.86159169550173 0.858131487889273 0.837370242214533 0.820069204152249 0.799307958477509 0.778546712802768 0.764705882352941 0.750865051903114 0.740484429065744 0.719723183391003 0.716262975778547 0.705882352941177 0.698961937716263 0.695501730103806 0.688581314878893 0.688581314878893 0.678200692041522 0.681660899653979 0.681660899653979 0.692041522491349 0.70242214532872 0.705882352941177
0.698529411764706 0.705882352941177 0.723529411764706 0.732620320855615 0.740196078431373 0.755656108597285 0.756302521008403 0.764705882352941 0.772058823529412 0.785467128027682 0.809688581314879 0.826989619377163 0.847750865051903 0.858131487889273 0.882352941176471 0.892733564013841 0.899653979238754 0.906574394463668 0.910034602076125 0.906574394463668 0.903114186851211 0.899653979238754 0.885813148788927 0.885813148788927 0.8719723183391 0.858131487889273 0.84083044982699 0.823529411764706 0.806228373702422 0.788927335640138 0.775086505190311 0.754325259515571 0.743944636678201 0.726643598615917 0.71280276816609 0.705882352941177 0.698961937716263 0.695501730103806 0.685121107266436 0.685121107266436 0.685121107266436 0.695501730103806 0.698961937716263 0.695501730103806
0.661764705882353 0.666666666666667 0.682352941176471 0.689839572192513 0.696078431372549 0.710407239819005 0.710084033613445 0.72156862745098 0.727941176470588 0.740484429065744 0.764705882352941 0.782006920415225 0.806228373702422 0.823529411764706 0.85121107266436 0.868512110726644 0.878892733564014 0.889273356401384 0.899653979238754 0.903114186851211 0.906574394463668 0.910034602076125 0.899653979238754 0.903114186851211 0.889273356401384 0.882352941176471 0.868512110726644 0.85121107266436 0.837370242214533 0.820069204152249 0.802768166089965 0.785467128027682 0.768166089965398 0.747404844290657 0.730103806228374 0.719723183391003 0.71280276816609 0.709342560553633 0.698961937716263 0.698961937716263 0.70242214532872 0.716262975778547 0.716262975778547 0.71280276816609
0.632352941176471 0.640522875816993 0.652941176470588 0.657754010695187 0.661764705882353 0.67420814479638 0.672268907563025 0.682352941176471 0.6875 0.698961937716263 0.72318339100346 0.740484429065744 0.768166089965398 0.788927335640138 0.816608996539792 0.837370242214533 0.847750865051903 0.86159169550173 0.875432525951557 0.882352941176471 0.892733564013841 0.903114186851211 0.896193771626298 0.903114186851211 0.892733564013841 0.889273356401384 0.878892733564014 0.86159169550173 0.847750865051903 0.830449826989619 0.813148788927336 0.802768166089965 0.785467128027682 0.768166089965398 0.750865051903114 0.737024221453287 0.730103806228374 0.726643598615917 0.71280276816609 0.71280276816609 0.719723183391003 0.737024221453287 0.740484429065744 0.737024221453287
0.588235294117647 0.594771241830065 0.605882352941176 0.609625668449198 0.617647058823529 0.6289592760181 0.626050420168067 0.635294117647059 0.639705882352941 0.650519031141868 0.678200692041522 0.698961937716263 0.726643598615917 0.747404844290657 0.775086505190311 0.799307958477509 0.809688581314879 0.823529411764706 0.844290657439446 0.854671280276817 0.8719723183391 0.885813148788927 0.882352941176471 0.892733564013841 0.885813148788927 0.885813148788927 0.878892733564014 0.86159169550173 0.847750865051903 0.833910034602076 0.820069204152249 0.816608996539792 0.799307958477509 0.785467128027682 0.771626297577855 0.754325259515571 0.750865051903114 0.747404844290657 0.73356401384083 0.730103806228374 0.73356401384083 0.747404844290657 0.750865051903114 0.747404844290657
0.558823529411765 0.562091503267974 0.570588235294118 0.577540106951872 0.588235294117647 0.601809954751131 0.600840336134454 0.611764705882353 0.617647058823529 0.626297577854671 0.653979238754325 0.674740484429066 0.698961937716263 0.719723183391003 0.747404844290657 0.775086505190311 0.782006920415225 0.792387543252595 0.816608996539792 0.830449826989619 0.85121107266436 0.868512110726644 0.865051903114187 0.875432525951557 0.868512110726644 0.868512110726644 0.865051903114187 0.85121107266436 0.84083044982699 0.830449826989619 0.820069204152249 0.820069204152249 0.802768166089965 0.785467128027682 0.771626297577855 0.750865051903114 0.743944636678201 0.740484429065744 0.726643598615917 0.719723183391003 0.719723183391003 0.73356401384083 0.737024221453287 0.73356401384083
0.529411764705882 0.529411764705882 0.535294117647059 0.540106951871658 0.549019607843137 0.561085972850679 0.563025210084034 0.576470588235294 0.584558823529412 0.591695501730104 0.622837370242215 0.643598615916955 0.664359861591695 0.681660899653979 0.705882352941177 0.73356401384083 0.740484429065744 0.754325259515571 0.782006920415225 0.799307958477509 0.823529411764706 0.844290657439446 0.847750865051903 0.854671280276817 0.85121107266436 0.854671280276817 0.854671280276817 0.837370242214533 0.826989619377163 0.816608996539792 0.806228373702422 0.806228373702422 0.788927335640138 0.768166089965398 0.750865051903114 0.726643598615917 0.716262975778547 0.71280276816609 0.698961937716263 0.688581314878893 0.692041522491349 0.70242214532872 0.70242214532872 0.698961937716263
0.5 0.503267973856209 0.505882352941176 0.508021390374332 0.514705882352941 0.524886877828054 0.529411764705882 0.545098039215686 0.551470588235294 0.557093425605536 0.588235294117647 0.608996539792388 0.629757785467128 0.647058823529412 0.671280276816609 0.698961937716263 0.705882352941177 0.72318339100346 0.750865051903114 0.771626297577855 0.799307958477509 0.823529411764706 0.830449826989619 0.837370242214533 0.833910034602076 0.84083044982699 0.844290657439446 0.830449826989619 0.820069204152249 0.813148788927336 0.802768166089965 0.802768166089965 0.785467128027682 0.761245674740484 0.740484429065744 0.716262975778547 0.705882352941177 0.70242214532872 0.688581314878893 0.678200692041522 0.681660899653979 0.692041522491349 0.692041522491349 0.685121107266436
0.455882352941176 0.464052287581699 0.464705882352941 0.470588235294118 0.475490196078431 0.484162895927602 0.491596638655462 0.505882352941176 0.511029411764706 0.515570934256055 0.546712802768166 0.567474048442907 0.591695501730104 0.612456747404844 0.633217993079585 0.660899653979239 0.667820069204152 0.685121107266436 0.71280276816609 0.737024221453287 0.764705882352941 0.792387543252595 0.802768166089965 0.806228373702422 0.802768166089965 0.813148788927336 0.816608996539792 0.806228373702422 0.799307958477509 0.792387543252595 0.778546712802768 0.782006920415225 0.764705882352941 0.740484429065744 0.719723183391003 0.695501730103806 0.685121107266436 0.681660899653979 0.667820069204152 0.657439446366782 0.664359861591695 0.678200692041522 0.678200692041522 0.674740484429066
0.404411764705882 0.418300653594771 0.423529411764706 0.433155080213904 0.441176470588235 0.447963800904977 0.453781512605042 0.466666666666667 0.470588235294118 0.474048442906574 0.505190311418685 0.525951557093426 0.550173010380623 0.57439446366782 0.598615916955017 0.626297577854671 0.636678200692042 0.653979238754325 0.681660899653979 0.705882352941177 0.73356401384083 0.761245674740484 0.775086505190311 0.782006920415225 0.782006920415225 0.795847750865052 0.802768166089965 0.795847750865052 0.792387543252595 0.788927335640138 0.775086505190311 0.778546712802768 0.761245674740484 0.737024221453287 0.716262975778547 0.692041522491349 0.681660899653979 0.678200692041522 0.664359861591695 0.653979238754325 0.660899653979239 0.674740484429066 0.674740484429066 0.671280276816609
0.345588235294118 0.359477124183007 0.370588235294118 0.385026737967914 0.397058823529412 0.407239819004525 0.415966386554622 0.427450980392157 0.430147058823529 0.432525951557093 0.463667820069204 0.484429065743945 0.508650519031142 0.536332179930796 0.56401384083045 0.591695501730104 0.602076124567474 0.619377162629758 0.647058823529412 0.667820069204152 0.695501730103806 0.72318339100346 0.73356401384083 0.740484429065744 0.740484429065744 0.754325259515571 0.764705882352941 0.761245674740484 0.761245674740484 0.761245674740484 0.747404844290657 0.750865051903114 0.737024221453287 0.716262975778547 0.698961937716263 0.678200692041522 0.667820069204152 0.664359861591695 0.650519031141868 0.643598615916955 0.650519031141868 0.667820069204152 0.671280276816609 0.667820069204152
0.286764705882353 0.300653594771242 0.311764705882353 0.32620320855615 0.338235294117647 0.34841628959276 0.361344537815126 0.376470588235294 0.382352941176471 0.384083044982699 0.41522491349481 0.43598615916955 0.460207612456747 0.491349480968858 0.522491349480969 0.55363321799308 0.56401384083045 0.581314878892734 0.608996539792388 0.633217993079585 0.664359861591695 0.695501730103806 0.709342560553633 0.716262975778547 0.716262975778547 0.730103806228374 0.743944636678201 0.743944636678201 0.747404844290657 0.750865051903114 0.737024221453287 0.740484429065744 0.726643598615917 0.709342560553633 0.695501730103806 0.678200692041522 0.664359861591695 0.660899653979239 0.647058823529412 0.640138408304498 0.647058823529412 0.664359861591695 0.667820069204152 0.664359861591695
