Maxent_test_maps/Proportion/hab_2.asc
NCOLS 385 
NROWS 303 
XLLCORNER 268220.725019301 
YLLCORNER 743137.81817112 
CELLSIZE 114 
NODATA_value -9999 
[rows 40 to 59 of 303, columns 45 to 89 of 385]
0.0069204152249135 0.0069204152249135 0.013840830449827 0.013840830449827 0.0173010380622837 0.0173010380622837 0.0173010380622837 0.0207612456747405 0.0242214532871972 0.0242214532871972 0.0242214532871972 0.0242214532871972 0.0242214532871972 0.0242214532871972 0.0242214532871972 0.0242214532871972 0.0242214532871972 0.0207612456747405 0.0173010380622837 0.0103806228373702 0.0103806228373702 0.0069204152249135 0.0069204152249135 0.0103806228373702 0.0069204152249135 0.0069204152249135 0.0207612456747405 0.0346020761245675 0.041522491349481 0.0484429065743945 0.0484429065743945 0.0484429065743945 0.0484429065743945 0.0484429065743945 0.0519031141868512 0.0588235294117647 0.0622837370242214 0.0657439446366782 0.0726643598615917 0.0795847750865052 0.0830449826989619 0.0934256055363322 0.107266435986159 0.107266435986159 0.103806228373702
0.0103806228373702 0.0103806228373702 0.0173010380622837 0.0173010380622837 0.0173010380622837 0.0173010380622837 0.0173010380622837 0.0207612456747405 0.0242214532871972 0.0242214532871972 0.0242214532871972 0.0242214532871972 0.0242214532871972 0.0242214532871972 0.0242214532871972 0.0242214532871972 0.0242214532871972 0.0207612456747405 0.0173010380622837 0.0103806228373702 0.0103806228373702 0.0069204152249135 0.0069204152249135 0.0103806228373702 0.0069204152249135 0.0069204152249135 0.0207612456747405 0.0346020761245675 0.0380622837370242 0.0449826989619377 0.0449826989619377 0.0449826989619377 0.0449826989619377 0.0449826989619377 0.0484429065743945 0.055363321799308 0.0588235294117647 0.0622837370242214 0.069204152249135 0.0761245674740484 0.0795847750865052 0.0899653979238754 0.100346020761246 0.0968858131487889 0.0899653979238754
0.013840830449827 0.013840830449827 0.0207612456747405 0.0207612456747405 0.0173010380622837 0.0173010380622837 0.0173010380622837 0.0207612456747405 0.0242214532871972 0.0242214532871972 0.0242214532871972 0.0242214532871972 0.0242214532871972 0.0242214532871972 0.0242214532871972 0.0242214532871972 0.0242214532871972 0.0207612456747405 0.0173010380622837 0.0103806228373702 0.0103806228373702 0.0069204152249135 0.0069204152249135 0.0103806228373702 0.0069204152249135 0.0069204152249135 0.0207612456747405 0.0346020761245675 0.0380622837370242 0.0449826989619377 0.0449826989619377 0.0449826989619377 0.0449826989619377 0.0449826989619377 0.0484429065743945 0.055363321799308 0.0588235294117647 0.0622837370242214 0.069204152249135 0.0761245674740484 0.0795847750865052 0.0865051903114187 0.0934256055363322 0.0865051903114187 0.0761245674740484
0.013840830449827 0.0103806228373702 0.0173010380622837 0.0173010380622837 0.0103806228373702 0.0103806228373702 0.0103806228373702 0.013840830449827 0.0173010380622837 0.0173010380622837 0.0173010380622837 0.0173010380622837 0.0173010380622837 0.0173010380622837 0.0173010380622837 0.0173010380622837 0.0173010380622837 0.013840830449827 0.013840830449827 0.0069204152249135 0.0069204152249135 0.0069204152249135 0.0069204152249135 0.0103806228373702 0.0069204152249135 0.0069204152249135 0.0207612456747405 0.0311418685121107 0.0311418685121107 0.0380622837370242 0.0380622837370242 0.0380622837370242 0.0380622837370242 0.0380622837370242 0.041522491349481 0.0484429065743945 0.0519031141868512 0.055363321799308 0.0622837370242214 0.069204152249135 0.0726643598615917 0.0795847750865052 0.0830449826989619 0.0726643598615917 0.0657439446366782
0.013840830449827 0.0103806228373702 0.013840830449827 0.013840830449827 0.0069204152249135 0.0069204152249135 0.0069204152249135 0.0103806228373702 0.013840830449827 0.013840830449827 0.013840830449827 0.013840830449827 0.013840830449827 0.013840830449827 0.013840830449827 0.013840830449827 0.013840830449827 0.0103806228373702 0.0103806228373702 0.0069204152249135 0.0069204152249135 0.0069204152249135 0.0069204152249135 0.0103806228373702 0.0069204152249135 0.0069204152249135 0.0173010380622837 0.0242214532871972 0.0242214532871972 0.0311418685121107 0.0311418685121107 0.0311418685121107 0.0311418685121107 0.0311418685121107 0.0346020761245675 0.041522491349481 0.0449826989619377 0.0484429065743945 0.055363321799308 0.0622837370242214 0.0657439446366782 0.069204152249135 0.069204152249135 0.0588235294117647 0.0519031141868512
0.013840830449827 0.0103806228373702 0.0103806228373702 0.0103806228373702 0.00346020761245675 0.00346020761245675 0.00346020761245675 0.0069204152249135 0.0103806228373702 0.0103806228373702 0.0103806228373702 0.0103806228373702 0.0103806228373702 0.0103806228373702 0.0103806228373702 0.0103806228373702 0.0103806228373702 0.0069204152249135 0.0069204152249135 0.0069204152249135 0.0069204152249135 0.0069204152249135 0.0069204152249135 0.0103806228373702 0.0069204152249135 0.0069204152249135 0.013840830449827 0.0207612456747405 0.0207612456747405 0.0242214532871972 0.0242214532871972 0.0242214532871972 0.0242214532871972 0.0242214532871972 0.027681660899654 0.0346020761245675 0.0380622837370242 0.041522491349481 0.0484429065743945 0.055363321799308 0.055363321799308 0.055363321799308 0.0519031141868512 0.0449826989619377 0.0380622837370242
0.013840830449827 0.0103806228373702 0.0103806228373702 0.0103806228373702 0.00346020761245675 0.00346020761245675 0.00346020761245675 0.0069204152249135 0.0103806228373702 0.0103806228373702 0.0103806228373702 0.0103806228373702 0.0103806228373702 0.0103806228373702 0.0103806228373702 0.0103806228373702 0.0103806228373702 0.0069204152249135 0.0069204152249135 0.0069204152249135 0.0069204152249135 0.0069204152249135 0.0069204152249135 0.0103806228373702 0.0069204152249135 0.00346020761245675 0.0069204152249135 0.013840830449827 0.013840830449827 0.013840830449827 0.013840830449827 0.013840830449827 0.013840830449827 0.013840830449827 0.0173010380622837 0.0207612456747405 0.0242214532871972 0.027681660899654 0.0311418685121107 0.0346020761245675 0.0311418685121107 0.0311418685121107 0.0311418685121107 0.027681660899654 0.0207612456747405
0.013840830449827 0.0069204152249135 0.0069204152249135 0.0069204152249135 0 0 0 0.00346020761245675 0.0069204152249135 0.0069204152249135 0.0069204152249135 0.0069204152249135 0.0069204152249135 0.0069204152249135 0.0069204152249135 0.0069204152249135 0.0069204152249135 0.0069204152249135 0.0069204152249135 0.0069204152249135 0.0069204152249135 0.0069204152249135 0.0069204152249135 0.0103806228373702 0.0069204152249135 0.00346020761245675 0.00346020761245675 0.0103806228373702 0.0103806228373702 0.0103806228373702 0.0103806228373702 0.0103806228373702 0.0103806228373702 0.0103806228373702 0.0103806228373702 0.0103806228373702 0.0103806228373702 0.0103806228373702 0.0103806228373702 0.0103806228373702 0.0069204152249135 0.0069204152249135 0.0069204152249135 0.0069204152249135 0
0.0207612456747405 0.0103806228373702 0.0103806228373702 0.0103806228373702 0 0 0 0.00346020761245675 0.0069204152249135 0.0069204152249135 0.0069204152249135 0.0069204152249135 0.0069204152249135 0.0069204152249135 0.0069204152249135 0.0069204152249135 0.0069204152249135 0.0069204152249135 0.0069204152249135 0.0069204152249135 0.0069204152249135 0.0069204152249135 0.0069204152249135 0.0103806228373702 0.0069204152249135 0.00346020761245675 0.00346020761245675 0.0069204152249135 0.0069204152249135 0.0069204152249135 0.0069204152249135 0.0069204152249135 0.0069204152249135 0.0069204152249135 0.0069204152249135 0.0069204152249135 0.0069204152249135 0.0069204152249135 0.0069204152249135 0.0069204152249135 0.00346020761245675 0.00346020761245675 0.00346020761245675 0.00346020761245675 0
0.0242214532871972 0.013840830449827 0.013840830449827 0.0103806228373702 0 0 0 0.00346020761245675 0.0069204152249135 0.0069204152249135 0.0069204152249135 0.0069204152249135 0.0069204152249135 0.0069204152249135 0.0069204152249135 0.0069204152249135 0.0069204152249135 0.0069204152249135 0.0069204152249135 0.0069204152249135 0.0069204152249135 0.0069204152249135 0.0069204152249135 0.0103806228373702 0.0069204152249135 0.00346020761245675 0.00346020761245675 0.0069204152249135 0.0069204152249135 0.0069204152249135 0.0069204152249135 0.0069204152249135 0.0069204152249135 0.0069204152249135 0.0069204152249135 0.0069204152249135 0.0069204152249135 0.0069204152249135 0.0069204152249135 0.0069204152249135 0.00346020761245675 0.00346020761245675 0.00346020761245675 0.00346020761245675 0
0.027681660899654 0.0173010380622837 0.0173010380622837 0.013840830449827 0.00346020761245675 0 0 0.00346020761245675 0.0069204152249135 0.0069204152249135 0.0069204152249135 0.0069204152249135 0.0069204152249135 0.0069204152249135 0.0069204152249135 0.0069204152249135 0.0069204152249135 0.0069204152249135 0.0069204152249135 0.0069204152249135 0.0069204152249135 0.0069204152249135 0.0069204152249135 0.0103806228373702 0.0069204152249135 0.00346020761245675 0.00346020761245675 0.0069204152249135 0.0069204152249135 0.0069204152249135 0.0069204152249135 0.0069204152249135 0.0069204152249135 0.0069204152249135 0.0069204152249135 0.0069204152249135 0.0069204152249135 0.0069204152249135 0.0069204152249135 0.0069204152249135 0.00346020761245675 0.00346020761245675 0.00346020761245675 0.00346020761245675 0
0.027681660899654 0.0173010380622837 0.0173010380622837 0.013840830449827 0.00346020761245675 0 0 0.00346020761245675 0.0069204152249135 0.0069204152249135 0.0069204152249135 0.0069204152249135 0.0069204152249135 0.0069204152249135 0.0069204152249135 0.0069204152249135 0.0069204152249135 0.0069204152249135 0.0069204152249135 0.0069204152249135 0.0069204152249135 0.0069204152249135 0.0069204152249135 0.0069204152249135 0.00346020761245675 0 0 0.00346020761245675 0.00346020761245675 0.00346020761245675 0.00346020761245675 0.00346020761245675 0.00346020761245675 0.00346020761245675 0.00346020761245675 0.00346020761245675 0.00346020761245675 0.00346020761245675 0.00346020761245675 0.00346020761245675 0.00346020761245675 0.00346020761245675 0.00346020761245675 0.00346020761245675 0
0.027681660899654 0.0173010380622837 0.0173010380622837 0.013840830449827 0.00346020761245675 0 0 0.00346020761245675 0.0069204152249135 0.0069204152249135 0.0069204152249135 0.0069204152249135 0.0069204152249135 0.0069204152249135 0.0069204152249135 0.0069204152249135 0.0069204152249135 0.0069204152249135 0.0069204152249135 0.0069204152249135 0.0069204152249135 0.0069204152249135 0.0069204152249135 0.0069204152249135 0.00346020761245675 0 0 0.00346020761245675 0.00346020761245675 0.00346020761245675 0.00346020761245675 0.00346020761245675 0.00346020761245675 0.00346020761245675 0.00346020761245675 0.00346020761245675 0.00346020761245675 0.00346020761245675 0.00346020761245675 0.00346020761245675 0.00346020761245675 0.00346020761245675 0.00346020761245675 0.00346020761245675 0
0.0346020761245675 0.0242214532871972 0.0242214532871972 0.0207612456747405 0.0103806228373702 0.0069204152249135 0.0069204152249135 0.0103806228373702 0.0103806228373702 0.0069204152249135 0.0069204152249135 0.0069204152249135 0.0069204152249135 0.0069204152249135 0.0069204152249135 0.0069204152249135 0.0069204152249135 0.0069204152249135 0.0069204152249135 0.0069204152249135 0.0069204152249135 0.0069204152249135 0.0069204152249135 0.0069204152249135 0.00346020761245675 0 0.00346020761245675 0.0069204152249135 0.0069204152249135 0.0069204152249135 0.0069204152249135 0.0069204152249135 0.0069204152249135 0.0069204152249135 0.0069204152249135 0.0069204152249135 0.0069204152249135 0.0069204152249135 0.0069204152249135 0.0069204152249135 0.0069204152249135 0.0069204152249135 0.0069204152249135 0.00346020761245675 0
0.041522491349481 0.0311418685121107 0.0311418685121107 0.0242214532871972 0.0103806228373702 0.0069204152249135 0.0069204152249135 0.0103806228373702 0.0103806228373702 0.0069204152249135 0.0069204152249135 0.0069204152249135 0.0069204152249135 0.0069204152249135 0.0069204152249135 0.0069204152249135 0.0069204152249135 0.0069204152249135 0.0069204152249135 0.0069204152249135 0.0069204152249135 0.0069204152249135 0.0069204152249135 0.0069204152249135 0.00346020761245675 0 0.0069204152249135 0.0103806228373702 0.0103806228373702 0.0103806228373702 0.0103806228373702 0.0103806228373702 0.0103806228373702 0.0103806228373702 0.0103806228373702 0.0103806228373702 0.0103806228373702 0.0103806228373702 0.0103806228373702 0.0103806228373702 0.0103806228373702 0.0103806228373702 0.0103806228373702 0.00346020761245675 0
0.0588235294117647 0.0484429065743945 0.0449826989619377 0.0346020761245675 0.0173010380622837 0.013840830449827 0.013840830449827 0.013840830449827 0.013840830449827 0.0103806228373702 0.0103806228373702 0.0103806228373702 0.0103806228373702 0.0103806228373702 0.0103806228373702 0.0103806228373702 0.0103806228373702 0.0069204152249135 0.00346020761245675 0.00346020761245675 0.00346020761245675 0.00346020761245675 0.00346020761245675 0.00346020761245675 0.00346020761245675 0 0.0069204152249135 0.0103806228373702 0.0103806228373702 0.0103806228373702 0.0103806228373702 0.0103806228373702 0.0103806228373702 0.0103806228373702 0.0103806228373702 0.0103806228373702 0.0103806228373702 0.0103806228373702 0.0103806228373702 0.0103806228373702 0.0103806228373702 0.0103806228373702 0.0103806228373702 0.00346020761245675 0
0.0795847750865052 0.069204152249135 0.0657439446366782 0.0519031141868512 0.0346020761245675 0.0311418685121107 0.0311418685121107 0.0311418685121107 0.027681660899654 0.0242214532871972 0.0207612456747405 0.0207612456747405 0.0207612456747405 0.0207612456747405 0.0207612456747405 0.0207612456747405 0.0207612456747405 0.013840830449827 0.0069204152249135 0.00346020761245675 0.00346020761245675 0.00346020761245675 0.00346020761245675 0.00346020761245675 0.00346020761245675 0.00346020761245675 0.0103806228373702 0.013840830449827 0.013840830449827 0.013840830449827 0.013840830449827 0.013840830449827 0.013840830449827 0.0103806228373702 0.0103806228373702 0.0103806228373702 0.0103806228373702 0.0103806228373702 0.0103806228373702 0.0103806228373702 0.0103806228373702 0.0103806228373702 0.0103806228373702 0.00346020761245675 0
0.100346020761246 0.0968858131487889 0.0934256055363322 0.0795847750865052 0.0622837370242214 0.0588235294117647 0.0588235294117647 0.055363321799308 0.0519031141868512 0.0484429065743945 0.0449826989619377 0.0449826989619377 0.041522491349481 0.0380622837370242 0.0346020761245675 0.0346020761245675 0.0346020761245675 0.0242214532871972 0.013840830449827 0.0103806228373702 0.0103806228373702 0.0103806228373702 0.0103806228373702 0.0103806228373702 0.0103806228373702 0.0103806228373702 0.0173010380622837 0.0173010380622837 0.0173010380622837 0.0173010380622837 0.0173010380622837 0.0173010380622837 0.013840830449827 0.0069204152249135 0.0069204152249135 0.0069204152249135 0.0069204152249135 0.0069204152249135 0.0069204152249135 0.0069204152249135 0.0069204152249135 0.0069204152249135 0.0069204152249135 0 0
0.134948096885813 0.134948096885813 0.1280276816609 0.110726643598616 0.0934256055363322 0.0865051903114187 0.0830449826989619 0.0795847750865052 0.0726643598615917 0.0657439446366782 0.0622837370242214 0.0622837370242214 0.0588235294117647 0.055363321799308 0.0484429065743945 0.0449826989619377 0.041522491349481 0.027681660899654 0.013840830449827 0.0103806228373702 0.0103806228373702 0.0103806228373702 0.0103806228373702 0.0103806228373702 0.0103806228373702 0.0103806228373702 0.0173010380622837 0.0173010380622837 0.0173010380622837 0.0173010380622837 0.0173010380622837 0.0173010380622837 0.013840830449827 0.0069204152249135 0.0069204152249135 0.0069204152249135 0.0069204152249135 0.0069204152249135 0.0069204152249135 0.0069204152249135 0.0069204152249135 0.0069204152249135 0.0069204152249135 0 0
0.173010380622837 0.173010380622837 0.166089965397924 0.145328719723183 0.1280276816609 0.117647058823529 0.110726643598616 0.103806228373702 0.0934256055363322 0.0830449826989619 0.0761245674740484 0.0761245674740484 0.069204152249135 0.0657439446366782 0.0588235294117647 0.0519031141868512 0.0449826989619377 0.027681660899654 0.013840830449827 0.0103806228373702 0.0103806228373702 0.0103806228373702 0.0103806228373702 0.0103806228373702 0.0103806228373702 0.0103806228373702 0.0173010380622837 0.0173010380622837 0.0173010380622837 0.0173010380622837 0.0173010380622837 0.0173010380622837 0.013840830449827 0.0069204152249135 0.0069204152249135 0.0069204152249135 0.0069204152249135 0.0069204152249135 0.0069204152249135 0.0069204152249135 0.0069204152249135 0.0069204152249135 0.0069204152249135 0 0
